100 500
0 54 55
54 38 99
38 10 54
10 16 16
16 69 6
69 60 78
60 43 79
43 49 98
49 13 6
13 12 49
12 53 92
53 8 76
8 44 43
44 79 71
79 5 36
5 85 65
85 94 31
94 66 5
66 55 40
55 19 1
19 18 10
18 11 14
11 68 77
68 36 69
36 98 5
98 40 26
40 58 53
58 42 38
42 1 79
1 90 34
90 45 20
45 22 89
22 15 6
15 63 44
63 65 41
65 23 47
23 64 18
64 33 49
33 27 49
27 74 59
74 41 67
41 56 50
56 95 83
95 14 77
14 32 88
32 72 72
72 3 14
3 7 80
7 24 65
24 80 35
80 29 56
29 37 82
37 52 93
52 62 92
62 26 31
26 28 39
28 77 56
77 46 34
46 82 67
82 57 39
57 59 71
59 47 44
47 73 2
73 88 54
88 35 75
35 4 41
4 39 3
39 6 49
6 21 79
21 89 76
89 87 81
87 50 18
50 67 8
67 97 82
97 83 81
83 20 43
20 51 60
51 91 46
91 84 87
84 96 46
96 86 78
86 25 91
25 30 36
30 71 95
71 34 63
34 92 3
92 2 76
2 93 8
93 9 87
9 75 3
75 81 48
81 61 33
61 78 81
78 48 59
48 17 39
17 70 76
70 76 77
76 31 41
31 99 23
76 87 81
1 36 40
69 80 100
73 97 45
82 58 2
4 56 99
83 88 97
0 75 100
6 18 73
45 62 58
31 82 11
15 47 36
58 36 82
98 90 40
56 79 97
62 72 78
69 37 19
13 8 48
94 57 93
96 53 48
25 57 11
86 46 47
26 1 86
74 35 10
54 93 1
85 11 93
90 98 18
10 90 8
55 1 89
61 9 24
97 47 95
40 96 81
1 7 15
46 0 76
56 37 31
20 29 22
4 2 7
27 19 72
19 32 86
18 58 99
50 56 21
88 76 94
28 53 53
60 59 88
46 18 44
77 32 43
76 81 84
2 81 25
58 14 35
99 47 78
45 1 36
8 89 3
62 96 73
8 56 66
45 34 72
31 32 48
7 1 69
48 76 25
23 94 18
1 50 4
24 23 95
77 66 67
46 22 29
10 98 63
19 44 62
23 36 57
58 32 46
43 70 7
90 23 81
92 55 85
89 2 79
46 74 98
70 48 96
61 34 90
60 76 99
22 71 47
98 49 69
1 99 69
83 61 42
30 69 37
8 51 42
13 57 53
8 79 97
9 90 51
41 47 87
75 49 40
32 18 7
22 12 84
23 12 3
13 22 10
20 86 22
58 79 3
99 51 77
30 15 72
38 92 51
71 5 90
5 28 60
7 84 31
15 51 31
3 60 66
79 61 82
7 80 45
28 16 6
44 87 38
74 34 31
26 98 49
3 25 92
98 57 80
30 17 72
18 23 9
50 98 34
2 42 1
47 99 17
28 43 31
59 51 61
48 47 47
23 71 54
21 86 86
97 29 56
10 68 96
59 70 55
88 42 19
24 14 81
85 64 5
38 69 22
42 58 97
32 7 50
85 77 59
57 60 27
78 32 17
99 38 17
37 38 74
69 3 77
67 56 9
83 76 62
20 95 78
71 58 24
65 64 2
46 11 20
11 85 39
67 75 51
71 95 70
30 77 100
46 31 45
23 14 73
84 44 16
10 44 87
37 46 99
44 83 25
71 65 78
99 31 2
46 36 52
2 59 1
8 88 70
18 70 7
55 82 56
21 90 15
64 15 58
25 43 39
93 33 85
89 9 70
59 62 76
14 19 40
95 73 89
24 59 50
84 99 78
95 99 99
97 39 17
67 49 79
93 90 61
90 1 83
7 23 30
2 53 68
63 16 27
11 28 39
51 93 24
54 46 6
48 12 97
48 72 50
82 3 8
23 93 18
3 1 41
96 65 89
40 70 13
55 75 23
82 1 91
88 62 40
41 19 58
22 21 89
6 62 32
50 83 52
26 78 97
10 47 48
90 67 12
87 19 43
50 35 48
42 3 19
22 57 30
43 12 6
4 71 78
25 87 82
1 66 14
45 25 61
20 39 55
58 97 42
68 64 84
88 85 2
49 2 53
65 75 48
44 67 34
69 57 57
94 51 65
64 17 85
31 4 94
49 30 31
12 74 99
87 94 27
76 9 74
91 35 16
57 96 17
66 65 95
18 19 1
81 44 24
86 54 48
20 88 33
40 16 32
0 16 24
27 37 65
55 74 51
57 44 61
85 95 70
60 28 44
50 47 36
91 4 25
63 79 30
72 98 37
83 5 58
48 29 17
19 37 69
19 40 2
34 31 25
16 15 17
6 91 70
10 65 81
73 44 100
52 37 13
1 20 65
36 7 33
74 46 39
50 59 81
73 84 22
11 2 96
88 80 76
33 43 86
68 5 55
9 96 24
56 8 45
3 10 9
43 16 78
16 88 40
57 19 92
63 38 59
31 55 64
98 53 91
45 32 35
54 0 12
73 37 7
99 90 17
96 61 29
89 12 8
1 41 94
69 73 91
80 60 46
11 98 22
18 2 37
17 20 15
87 74 29
37 28 80
8 65 45
86 31 44
1 28 18
82 80 5
91 99 75
45 69 80
37 41 53
18 27 13
12 1 9
40 99 66
43 52 91
26 80 80
99 39 55
71 69 7
24 17 51
25 64 86
33 16 65
21 82 40
76 47 81
67 29 72
46 56 19
53 18 21
64 68 54
13 11 13
96 28 6
11 35 45
29 11 88
35 47 74
21 87 94
68 84 83
14 65 44
39 34 37
13 32 11
20 45 90
19 98 19
47 79 55
86 42 3
15 50 12
10 14 88
49 99 62
84 22 3
71 80 58
98 75 3
19 70 52
41 5 64
55 17 70
0 69 45
80 27 13
18 30 82
67 81 14
16 78 99
38 24 61
50 72 3
16 13 81
98 70 84
47 2 86
85 55 82
99 22 38
3 13 28
39 67 43
47 92 74
84 68 89
42 94 53
31 66 37
27 58 36
81 76 64
75 8 74
15 43 94
27 35 57
46 51 46
13 48 23
36 39 53
63 9 57
94 85 8
35 8 14
86 22 80
81 36 99
2 67 83
4 32 88
4 57 44
97 36 42
51 61 79
8 21 92
82 44 3
30 76 62
7 0 45
27 21 97
22 14 99
14 73 68
37 85 11
72 81 38
28 25 99
48 60 58
13 42 39
0 98 46
55 99 52
22 62 71
78 17 40
85 57 50
48 7 44
72 69 56
19 96 87
73 0 3
43 3 19
22 61 60
67 20 24
73 34 35
92 21 40
90 28 59
80 45 49
26 73 14
12 57 91
32 23 97
74 18 11
83 45 6
23 30 12
8 59 93
78 31 5
77 73 46
47 90 15
56 51 33
28 46 16
50 73 74
