300 1500
0 167 53
167 266 9
266 112 79
112 40 31
40 279 22
279 195 92
195 136 20
136 11 100
11 87 31
87 168 55
168 267 71
267 150 42
150 292 70
292 63 98
63 237 57
237 83 97
83 248 65
248 185 17
185 200 37
200 255 32
255 37 64
37 209 33
209 100 65
100 178 25
178 119 48
119 33 1
33 234 82
234 31 16
31 262 43
262 117 64
117 157 10
157 212 56
212 285 12
285 240 66
240 92 49
92 113 32
113 256 22
256 280 10
280 102 38
102 162 10
162 9 37
9 211 44
211 196 98
196 288 60
288 21 42
21 19 20
19 186 20
186 41 96
41 216 35
216 48 40
48 54 50
54 287 42
287 164 74
164 165 66
165 66 81
66 1 19
1 284 56
284 274 14
274 53 97
53 110 84
110 158 81
158 207 100
207 194 33
194 208 31
208 89 28
89 126 28
126 146 70
146 75 48
75 160 94
160 180 56
180 16 49
16 52 35
52 77 11
77 181 40
181 103 52
103 220 83
220 84 27
84 88 41
88 259 2
259 177 5
177 141 73
141 189 75
189 242 8
242 4 46
4 129 87
129 217 84
217 116 63
116 235 52
235 35 55
35 7 79
7 127 34
127 43 89
43 132 39
132 107 58
107 99 99
99 171 21
171 230 97
230 38 54
38 115 28
115 106 25
106 61 27
61 111 47
111 241 95
241 18 91
18 228 26
228 172 30
172 131 98
131 121 82
121 23 49
23 98 10
98 238 59
238 91 85
91 74 26
74 261 46
261 252 93
252 144 65
144 134 17
134 239 75
239 12 62
12 296 95
296 161 57
161 46 83
46 233 12
233 183 17
183 28 31
28 97 56
97 153 99
153 45 51
45 95 30
95 175 88
175 60 52
60 224 49
224 85 63
85 282 43
282 109 89
109 147 31
147 8 42
8 94 50
94 49 28
49 225 23
225 124 64
124 59 2
59 56 61
56 118 13
118 166 53
166 114 84
114 133 62
133 105 13
105 231 24
231 290 64
290 154 4
154 205 34
205 151 61
151 190 17
190 258 26
258 76 21
76 263 33
263 221 19
221 68 5
68 232 16
232 58 38
58 249 57
249 140 7
140 22 12
22 139 38
139 219 79
219 123 83
123 265 34
265 253 69
253 203 40
203 24 83
24 275 49
275 269 67
269 179 34
179 214 73
214 81 5
81 227 100
227 138 83
138 286 4
286 246 91
246 29 69
29 174 37
174 39 69
39 229 79
229 204 10
204 47 91
47 278 8
278 152 36
152 295 38
295 198 79
198 250 45
250 272 62
272 176 28
176 244 99
244 145 65
145 271 14
271 6 6
6 125 48
125 184 48
184 236 62
236 20 58
20 67 43
67 80 98
80 51 64
51 187 47
187 289 29
289 283 2
283 122 77
122 218 15
218 264 45
264 120 67
120 5 20
5 226 49
226 193 15
193 13 79
13 3 72
3 251 11
251 70 6
70 201 92
201 254 51
254 148 15
148 25 87
25 86 96
86 44 60
44 82 19
82 293 84
293 79 26
79 169 71
169 65 57
65 34 7
34 142 87
142 137 35
137 247 3
247 297 76
297 155 14
155 192 99
192 50 13
50 281 18
281 202 61
202 17 29
17 69 40
69 15 83
15 93 39
93 135 39
135 276 78
276 55 43
55 291 71
291 30 3
30 62 56
62 104 12
104 223 50
223 2 1
2 199 82
199 294 60
294 96 14
96 245 42
245 26 69
26 182 97
182 27 42
27 191 95
191 222 59
222 10 99
10 173 8
173 298 63
298 270 12
270 73 69
73 243 83
243 260 60
260 42 39
42 210 78
210 159 16
159 36 93
36 64 76
64 170 86
170 108 20
108 273 98
273 78 10
78 101 87
101 72 42
72 32 88
32 71 5
71 206 20
206 163 74
163 257 87
257 130 26
130 215 38
215 197 96
197 128 54
128 14 11
14 57 14
57 143 98
143 277 49
277 90 8
90 149 63
149 188 66
188 156 53
156 213 53
213 268 98
268 299 87
177 180 100
64 201 34
242 177 70
265 64 86
139 72 6
223 265 83
120 227 5
219 98 4
24 58 89
164 282 82
102 36 38
76 202 47
191 294 45
248 174 21
170 143 71
7 100 67
77 201 31
106 6 15
198 258 100
67 187 62
10 115 54
200 97 32
173 178 100
234 137 13
193 46 6
166 113 40
89 270 3
189 207 67
131 215 63
151 235 56
206 191 11
130 281 89
162 16 67
179 23 71
81 245 58
52 14 61
50 29 16
65 172 88
201 96 56
228 281 13
283 260 18
238 224 37
200 38 8
224 272 87
90 226 97
68 112 49
129 209 75
152 106 78
71 99 91
8 194 49
55 272 73
259 94 35
7 258 43
83 178 58
28 183 19
294 0 77
48 1 53
49 60 48
24 273 63
81 146 81
254 29 28
66 261 56
122 173 91
44 57 89
163 63 69
82 83 48
31 98 64
220 59 15
252 16 27
277 27 87
0 285 87
249 156 4
223 75 28
146 64 99
162 81 86
22 150 71
195 281 31
214 230 6
215 46 24
265 297 79
111 107 8
165 274 89
162 98 1
188 20 16
115 197 9
37 155 30
205 4 7
95 119 54
189 16 64
264 1 3
258 106 10
9 248 62
127 147 92
191 25 46
142 51 55
61 140 14
64 183 11
210 222 77
237 205 66
52 111 38
156 225 64
252 45 86
47 172 18
87 204 54
101 39 64
36 242 74
67 221 73
87 222 57
256 234 10
174 49 61
270 174 27
60 257 23
153 164 29
123 145 20
39 8 3
53 264 2
162 222 51
297 264 54
119 96 53
165 155 21
100 95 65
20 187 7
138 73 9
189 123 86
254 299 76
130 196 52
123 32 39
11 152 15
213 1 95
152 107 36
62 80 95
44 218 82
16 171 3
99 289 50
279 158 23
243 9 91
237 185 85
266 257 48
96 203 67
196 277 33
215 110 32
113 106 40
110 136 21
212 53 39
11 273 69
235 76 87
214 133 93
40 127 79
196 241 84
256 78 4
226 140 39
104 204 49
272 145 29
167 255 52
74 49 92
49 92 66
149 243 49
299 122 28
133 261 36
182 223 22
223 296 67
133 75 5
121 81 62
100 278 99
97 93 14
180 206 4
252 74 73
173 163 74
152 289 90
7 118 27
198 251 72
154 159 84
95 133 64
50 36 97
208 279 76
208 100 99
210 168 50
184 25 13
210 247 50
148 21 91
47 247 10
128 283 35
32 5 10
116 113 34
99 120 94
92 125 41
55 205 23
220 92 88
31 240 72
197 187 8
184 45 65
67 260 67
18 17 9
192 188 40
275 238 41
30 138 99
127 70 57
204 5 84
141 256 20
290 292 95
267 36 92
120 44 3
8 6 66
173 54 8
57 217 31
25 224 87
131 61 92
213 105 80
197 120 52
66 42 88
36 246 99
280 43 23
86 295 91
62 160 69
66 182 65
25 82 12
123 116 13
6 7 76
98 234 23
132 279 38
114 202 53
114 6 93
20 154 17
7 103 51
138 81 63
249 281 74
205 123 61
134 290 100
63 82 87
232 136 29
273 42 25
116 40 40
130 261 94
205 199 58
87 28 89
141 203 62
288 121 57
151 158 12
160 46 50
282 125 3
84 90 80
268 119 99
94 213 40
109 190 65
146 238 73
288 64 88
287 223 53
277 255 38
251 23 62
70 189 99
187 56 75
78 145 78
279 65 32
279 188 73
278 126 65
203 86 96
5 11 81
151 57 43
25 43 47
222 8 22
193 253 34
139 289 77
186 285 86
86 43 94
58 101 51
98 164 58
213 68 27
125 52 20
270 213 79
21 27 13
96 77 36
1 216 81
37 188 46
280 174 9
84 206 7
188 290 3
206 254 95
247 84 89
130 229 26
16 93 58
125 7 54
290 6 17
89 200 5
56 110 70
258 135 47
268 13 20
162 40 91
261 212 97
218 111 35
141 77 69
143 28 97
231 47 17
112 106 70
245 299 26
55 21 49
188 73 83
81 34 13
89 37 75
207 45 96
161 57 82
163 18 30
37 109 28
234 128 75
209 144 44
236 164 54
194 53 40
189 221 24
206 132 97
161 33 57
31 179 27
257 112 40
116 86 61
181 94 90
187 177 76
48 292 78
17 91 32
292 53 35
13 287 86
68 15 67
55 66 8
112 7 16
296 87 33
298 187 2
284 127 34
69 104 11
30 299 7
10 39 22
242 182 19
159 107 15
288 85 57
256 126 29
267 24 84
280 194 34
101 21 92
1 235 60
195 176 49
106 293 51
20 196 22
34 173 18
191 159 21
31 42 8
103 202 70
219 248 35
163 116 60
195 169 48
198 296 12
128 213 65
164 208 69
132 93 30
66 227 77
149 109 46
86 69 89
125 290 79
246 196 67
32 268 26
140 127 65
157 270 58
213 228 87
8 25 7
111 133 88
21 149 32
97 208 23
268 228 98
67 10 46
210 152 47
286 133 10
97 60 29
260 82 100
31 182 67
14 297 37
286 174 43
58 199 32
256 197 52
113 83 55
133 256 100
149 228 46
174 177 2
66 51 95
278 191 87
117 184 69
130 44 72
59 263 49
179 229 80
116 54 17
107 291 55
63 199 43
43 279 68
153 89 23
32 227 30
125 165 28
48 27 86
89 292 79
242 158 84
239 210 57
119 177 95
12 64 32
200 3 24
183 38 81
164 252 100
189 251 80
227 106 39
216 221 26
224 80 11
295 227 70
147 142 95
58 65 65
48 223 6
29 217 57
111 173 1
41 162 50
229 102 29
147 247 10
53 270 59
124 230 34
201 271 50
218 254 22
169 270 38
132 200 66
266 134 45
279 186 72
101 260 88
269 56 37
122 269 72
115 68 8
113 169 78
206 263 33
248 299 74
114 116 69
45 157 54
243 170 95
119 127 84
18 39 71
89 271 55
192 241 39
144 158 76
190 178 20
138 146 6
27 100 91
249 201 58
33 87 1
76 109 72
154 151 93
275 165 80
236 196 31
205 29 11
174 277 71
268 65 31
144 223 51
256 150 56
240 209 80
238 93 61
88 61 33
271 161 91
96 5 8
255 101 8
32 284 7
119 278 35
219 289 44
296 297 51
36 190 72
274 163 55
201 276 57
4 130 98
279 135 40
169 7 60
138 51 73
34 20 28
148 54 64
21 207 97
223 50 87
196 130 48
197 294 30
246 132 69
257 214 60
39 234 42
34 259 65
221 269 51
136 171 99
47 251 88
43 58 94
290 38 37
186 161 3
263 240 24
202 35 98
121 115 34
150 258 68
196 68 65
189 265 72
6 183 16
133 170 35
34 169 16
165 246 6
65 138 34
172 240 69
260 256 52
16 292 85
266 182 11
155 236 63
130 95 82
145 277 1
264 89 47
254 155 35
246 260 47
25 263 19
242 144 89
80 276 100
20 177 86
270 10 53
109 290 2
155 136 79
249 107 66
165 275 79
87 202 51
93 259 66
157 254 81
85 223 95
21 51 50
31 156 29
201 109 39
225 133 4
148 211 36
254 191 28
156 95 11
28 215 23
233 92 34
178 120 24
67 111 5
103 229 21
291 150 19
279 199 16
235 225 42
10 12 84
171 199 41
232 234 66
78 230 61
57 86 16
146 77 69
70 263 23
25 147 74
145 74 9
125 152 16
184 165 29
93 168 54
215 189 89
95 155 43
186 100 42
56 184 73
172 121 41
109 197 6
151 202 3
73 10 94
246 109 28
203 278 81
69 292 82
19 101 45
116 148 38
109 287 4
131 210 10
16 114 25
201 30 11
219 66 46
16 45 89
55 199 22
238 211 84
243 245 48
242 286 63
271 254 39
31 165 15
38 138 33
137 37 57
1 242 89
276 262 37
133 227 44
141 208 21
64 215 75
113 258 25
239 88 43
156 89 50
134 163 42
83 94 29
198 292 68
84 16 95
62 83 43
194 109 8
80 126 55
50 101 44
211 40 70
204 162 34
277 72 56
123 183 28
95 122 3
70 131 96
138 137 69
113 294 99
70 168 82
227 158 3
135 156 100
36 131 55
231 25 94
213 281 35
173 258 47
119 204 7
119 18 71
28 261 10
186 214 89
126 158 100
274 100 21
255 265 93
26 195 31
257 15 9
160 229 22
107 265 23
205 41 96
275 166 90
20 94 55
277 7 78
128 242 3
285 57 60
9 43 15
127 292 35
78 57 46
69 132 28
70 63 13
80 96 41
207 79 86
130 27 62
251 3 7
263 151 53
214 225 48
20 268 82
164 35 31
175 167 84
196 212 62
217 219 72
170 217 22
14 10 21
119 49 26
127 50 38
297 174 67
289 97 29
44 102 91
201 190 98
147 255 97
177 174 70
288 192 80
230 262 17
197 230 84
180 208 51
72 291 27
242 253 65
289 96 12
28 11 8
155 188 49
188 181 40
144 250 84
217 34 70
34 43 13
97 45 99
162 280 25
26 161 7
129 13 59
2 166 25
139 144 72
37 285 38
144 176 86
201 38 16
35 97 11
34 153 100
181 150 40
261 104 40
83 102 38
73 55 6
292 284 83
267 249 45
133 141 98
224 214 35
289 139 50
84 246 12
175 135 18
266 179 19
199 136 62
105 3 71
132 225 6
104 265 9
158 215 12
67 88 78
277 14 61
170 0 22
230 271 16
261 268 88
292 168 89
139 297 72
193 87 85
287 36 5
55 163 4
272 43 19
252 66 8
158 87 18
161 142 62
79 288 35
256 160 89
150 277 34
33 185 59
73 261 93
94 139 87
111 145 18
63 246 36
101 271 99
181 130 56
179 133 72
155 254 24
141 293 96
147 199 52
246 19 65
224 106 68
158 283 11
218 266 85
75 130 56
98 228 21
92 186 96
252 3 23
80 66 71
238 299 68
146 24 93
104 194 44
290 273 8
260 44 45
162 20 9
102 252 99
67 152 79
181 107 96
245 282 74
70 89 45
57 124 38
254 21 59
218 220 96
168 259 39
14 265 46
225 237 52
176 85 99
295 206 6
25 199 91
192 105 6
197 136 73
203 73 86
157 85 49
113 226 50
160 250 26
81 69 85
52 158 85
6 5 39
293 1 58
231 273 22
198 209 30
44 143 67
76 56 21
229 220 58
26 47 80
266 31 67
84 4 81
121 235 8
198 141 3
236 79 42
282 68 50
290 288 66
283 160 69
181 74 44
254 146 53
128 207 66
110 135 8
165 124 62
272 16 78
147 231 33
137 14 20
45 252 33
76 71 60
198 295 60
14 157 77
91 103 99
264 290 86
228 10 5
89 245 42
37 264 20
264 101 58
110 296 32
167 206 76
134 262 64
237 36 36
230 235 90
141 119 79
8 278 47
146 115 52
296 7 80
218 60 95
273 212 52
40 105 40
162 10 14
148 159 20
182 175 29
200 130 77
174 189 22
187 178 55
41 180 36
97 81 96
246 289 97
187 262 48
221 149 23
23 168 30
245 132 63
166 131 54
6 64 51
169 136 37
87 94 68
136 190 88
145 16 77
135 230 17
16 215 39
237 40 26
264 279 40
157 281 95
228 42 79
45 178 60
165 54 41
295 279 30
41 283 5
281 167 38
171 63 5
227 62 57
248 6 84
192 179 55
81 84 32
33 162 97
299 257 75
124 248 23
236 189 100
245 148 18
171 239 74
47 154 77
157 154 73
75 112 84
92 173 77
253 204 27
192 110 56
154 40 25
85 79 36
202 80 39
119 147 65
81 246 52
207 290 33
48 128 15
159 101 50
28 258 90
143 31 59
180 216 20
4 0 2
51 21 39
167 21 42
205 124 30
207 184 72
242 57 89
23 271 53
214 20 80
287 169 25
283 258 22
137 93 59
148 222 24
197 17 71
278 175 41
204 125 50
52 9 81
127 287 82
282 77 25
62 106 90
126 255 37
28 32 88
74 29 53
257 232 91
268 2 3
258 247 39
186 267 72
274 201 68
53 277 86
223 41 70
76 84 13
288 113 97
133 221 58
26 142 47
209 105 56
139 212 94
54 196 9
229 136 5
106 112 61
107 28 87
54 63 17
243 13 71
246 24 34
237 99 60
61 36 70
197 156 53
17 29 22
88 106 99
88 124 63
201 255 30
127 93 20
216 257 6
251 84 73
253 28 41
170 8 39
181 253 44
102 188 88
42 212 56
55 23 17
282 200 91
252 153 53
179 19 38
164 179 90
83 253 15
184 95 95
136 242 41
109 219 13
133 287 65
220 32 86
138 222 39
160 35 90
215 271 53
29 179 15
51 13 3
75 53 32
6 65 46
196 190 5
154 76 55
59 290 37
114 185 65
232 192 42
109 61 67
228 244 50
271 195 47
281 20 22
97 47 41
225 73 93
121 234 80
212 255 82
0 158 2
258 160 44
43 52 30
225 19 73
119 81 78
292 188 95
228 273 90
22 67 57
88 46 5
223 16 89
204 285 61
237 78 78
135 98 42
56 144 91
36 138 37
15 52 51
19 252 49
59 25 57
246 47 44
274 24 28
207 128 68
186 52 94
244 111 4
238 228 60
199 287 81
299 220 3
161 283 56
115 293 82
72 203 83
259 209 89
15 33 22
265 48 17
115 173 89
44 254 77
122 107 15
268 290 83
165 214 15
71 23 90
8 111 73
209 150 71
33 101 32
239 253 63
24 290 1
32 96 63
95 87 24
8 63 26
64 76 45
53 231 25
197 34 83
40 141 64
74 289 95
127 104 45
269 170 96
49 205 25
157 188 49
183 138 57
298 178 96
136 39 9
155 273 10
62 204 41
50 179 50
13 7 54
212 121 51
252 98 66
252 268 85
1 40 42
243 97 58
293 22 53
214 252 10
15 185 39
111 258 44
74 143 86
55 58 57
78 65 14
219 179 58
219 70 41
200 270 12
84 141 41
185 136 44
259 180 16
139 291 41
259 28 55
83 158 31
268 143 24
6 24 88
33 45 38
200 187 12
148 51 57
290 60 59
204 98 89
50 6 22
89 28 49
89 213 79
98 7 31
54 144 43
235 150 37
239 10 19
279 157 48
255 160 67
48 147 58
261 178 99
20 286 24
293 149 77
184 254 3
96 276 15
51 83 91
58 11 43
79 88 54
119 8 90
46 222 30
274 147 37
284 286 73
275 210 79
40 83 6
266 102 11
86 242 60
192 254 74
156 53 25
72 110 76
166 266 61
142 163 3
34 162 79
86 187 25
100 116 61
83 195 90
278 287 14
204 116 30
139 203 84
294 186 26
250 177 65
165 111 95
130 235 75
275 82 44
178 203 99
157 93 76
252 231 15
41 113 55
126 25 21
95 79 71
26 293 28
138 155 79
137 75 90
242 45 34
23 146 68
298 144 95
35 65 35
84 226 82
256 297 22
287 174 58
154 143 78
228 78 45
140 131 63
215 134 53
225 75 69
294 14 45
75 151 65
97 177 91
152 105 57
32 271 48
79 103 29
295 261 70
82 219 30
239 225 33
226 84 55
250 274 3
160 217 78
256 113 12
296 126 77
298 266 31
278 274 67
9 126 33
26 90 21
200 132 78
78 187 63
132 24 15
86 231 41
249 137 60
66 223 26
78 11 14
84 200 95
199 258 36
201 25 28
267 279 22
92 187 83
164 70 48
187 36 26
233 80 96
260 273 86
240 151 12
58 129 94
252 216 90
197 142 98
282 36 100
97 142 24
166 265 18
178 61 71
287 249 41
124 275 8
134 145 91
15 2 68
40 118 37
201 46 43
180 209 29
187 167 2
236 139 90
238 285 11
24 214 5
200 175 30
110 279 45
84 268 5
41 104 95
71 287 56
209 7 56
247 227 24
117 7 73
136 7 27
171 79 94
142 269 53
124 141 5
147 192 62
295 106 55
93 89 39
23 140 12
221 37 92
294 255 47
210 134 87
93 19 32
69 139 5
258 113 7
80 155 90
114 14 80
199 286 11
208 184 15
252 70 56
206 113 77
68 44 53
22 275 70
273 57 68
27 160 95
120 246 16
122 197 76
283 240 40
266 260 23
278 77 58
38 14 67
294 86 54
228 140 46
12 251 15
58 23 72
127 18 68
63 139 9
225 77 61
92 132 56
2 239 49
29 47 16
14 41 53
36 275 8
291 283 50
167 83 30
