500 2000
0 465 19
465 179 70
179 311 93
311 172 5
172 136 100
136 380 41
380 280 80
280 39 87
39 174 71
174 485 96
485 375 89
375 384 27
384 397 23
397 433 39
433 81 56
81 64 69
64 363 21
363 167 7
167 473 92
473 72 86
72 48 32
48 279 33
279 166 100
166 342 9
342 479 88
479 293 58
293 123 56
123 299 71
299 135 33
135 99 70
99 412 57
412 199 69
199 350 59
350 245 2
245 427 51
427 63 44
63 175 22
175 355 34
355 226 63
226 68 4
68 379 83
379 368 54
368 369 74
369 362 3
362 328 8
328 90 89
90 60 46
60 132 75
132 394 18
394 337 76
337 240 17
240 121 18
121 78 34
78 268 36
268 307 51
307 377 73
377 42 52
42 74 23
74 345 79
345 182 12
182 330 30
330 407 63
407 211 1
211 339 23
339 319 68
319 32 41
32 238 65
238 40 84
40 419 57
419 162 88
162 205 82
205 487 94
487 46 29
46 161 31
161 335 41
335 401 64
401 364 88
364 387 62
387 291 29
291 185 92
185 85 53
85 169 44
169 313 72
313 453 79
453 112 94
112 51 84
51 124 36
124 139 83
139 248 29
248 201 7
201 472 10
472 129 98
129 122 66
122 150 83
150 454 48
454 224 21
224 290 66
290 348 99
348 424 27
424 92 40
92 148 39
148 134 89
134 374 39
374 70 71
70 104 48
104 482 22
482 234 90
234 459 90
459 478 95
478 331 60
331 442 77
442 286 11
286 305 16
305 414 78
414 159 66
159 143 74
143 54 49
54 227 23
227 101 20
101 270 33
270 399 55
399 6 28
6 102 73
102 447 93
447 439 97
439 325 7
325 418 64
418 24 88
24 168 51
168 4 92
4 189 82
189 496 45
496 28 50
28 71 66
71 295 22
295 354 70
354 239 94
239 403 6
403 94 68
94 209 12
209 21 33
21 58 81
58 186 13
186 252 35
252 221 95
221 463 11
463 164 18
164 493 100
493 38 79
38 343 85
343 444 88
444 105 90
105 486 11
486 272 57
272 481 31
481 142 49
142 383 56
383 184 51
184 126 22
126 155 42
155 180 57
180 274 17
274 30 80
30 450 63
450 193 28
193 306 16
306 66 56
66 206 77
206 154 69
154 408 53
408 385 16
385 416 85
416 326 38
326 430 36
430 230 32
230 194 49
194 22 96
22 457 72
457 316 1
316 491 25
491 336 68
336 405 57
405 469 75
469 287 3
287 437 4
437 141 81
141 415 78
415 467 32
467 215 34
215 498 27
498 55 23
55 110 37
110 298 19
298 35 70
35 244 26
244 351 35
351 253 40
253 406 75
406 275 97
275 73 33
73 474 88
474 157 58
157 388 22
388 456 70
456 309 46
309 322 63
322 76 54
76 100 16
100 422 99
422 27 27
27 127 74
127 50 50
50 358 27
358 455 37
455 173 14
173 147 4
147 464 16
464 26 73
26 400 96
400 432 2
432 431 70
431 237 38
237 321 87
321 289 98
289 359 93
359 477 84
477 228 18
228 223 10
223 356 65
356 44 48
44 324 74
324 413 40
413 349 56
349 318 65
318 210 87
210 425 46
425 373 98
373 218 68
218 446 42
446 310 1
310 353 16
353 34 57
34 421 92
421 145 58
145 107 45
107 41 40
41 191 70
191 77 52
77 484 44
484 327 94
327 80 88
80 20 74
20 220 64
220 273 15
273 79 83
79 25 49
25 109 49
109 65 27
65 153 72
153 31 1
31 269 36
269 294 82
294 203 77
203 382 93
382 115 95
115 488 94
488 265 66
265 438 26
438 396 60
396 417 77
417 470 67
470 83 53
83 19 96
19 75 92
75 204 40
204 10 90
10 116 22
116 11 58
11 476 80
476 483 86
483 262 68
262 130 26
130 389 47
389 133 68
133 97 1
97 216 87
216 176 50
176 198 75
198 160 55
160 13 52
13 59 44
59 243 80
243 255 75
255 165 94
165 233 90
233 151 96
151 140 9
140 426 64
426 448 96
448 317 32
317 82 82
82 86 84
86 36 38
36 435 81
435 395 3
395 95 53
95 57 93
57 471 81
471 128 20
128 144 82
144 8 100
8 232 51
232 9 35
9 43 23
43 37 99
37 17 10
17 492 100
492 283 78
283 47 2
47 93 45
93 300 34
300 282 91
282 91 53
91 466 88
466 449 70
449 308 39
308 235 20
235 170 60
170 314 34
314 320 63
320 366 22
366 276 60
276 1 66
1 178 6
178 402 35
402 183 66
183 249 13
249 212 96
212 410 76
410 367 55
367 443 9
443 497 46
497 187 9
187 247 85
247 29 57
29 219 3
219 106 22
106 288 65
288 266 91
266 67 21
67 263 89
263 197 12
197 3 52
3 475 82
475 420 89
420 338 36
338 138 78
138 436 39
436 181 27
181 296 68
296 441 27
441 264 31
264 208 43
208 440 35
440 398 9
398 277 10
277 103 90
103 7 67
7 117 85
117 258 48
258 87 60
87 88 66
88 332 72
332 386 95
386 297 7
297 304 22
304 315 39
315 361 84
361 158 95
158 23 92
23 241 72
241 461 35
461 376 46
376 251 79
251 190 95
190 409 30
409 267 51
267 84 72
84 56 52
56 261 23
261 340 62
340 445 34
445 45 79
45 192 43
192 378 92
378 346 29
346 360 34
360 281 79
281 188 91
188 89 32
89 341 85
341 213 4
213 207 80
207 423 52
423 125 41
125 246 56
246 18 98
18 302 32
302 202 35
202 259 25
259 256 10
256 301 81
301 146 94
146 156 22
156 98 75
98 344 57
344 260 75
260 451 94
451 257 19
257 365 78
365 468 34
468 171 59
171 381 68
381 62 21
62 152 18
152 371 100
371 323 18
323 96 92
96 52 57
52 329 47
329 285 40
285 429 97
429 214 52
214 460 31
460 149 15
149 236 92
236 489 27
489 113 92
113 347 88
347 119 40
119 177 9
177 120 14
120 284 30
284 490 51
490 225 42
225 494 64
494 114 13
114 271 24
271 480 6
480 372 8
372 217 77
217 111 3
111 352 97
352 196 28
196 452 88
452 5 5
5 278 64
278 333 91
333 14 68
14 12 93
12 16 79
16 163 57
163 462 44
462 53 85
53 303 36
303 118 16
118 495 79
495 370 89
370 137 23
137 229 13
229 357 29
357 2 52
2 393 30
393 391 64
391 312 58
312 222 49
222 200 97
200 428 22
428 458 30
458 15 31
15 250 37
250 49 60
49 108 71
108 404 75
404 195 50
195 334 28
334 242 58
242 231 92
231 390 34
390 254 43
254 61 64
61 131 76
131 33 15
33 392 28
392 411 11
411 434 6
434 292 2
292 69 1
69 499 62
460 317 21
353 111 32
118 138 2
135 184 23
278 68 88
85 256 38
187 354 72
323 375 69
421 169 18
186 135 96
154 206 45
463 212 91
337 350 83
15 58 48
419 479 32
0 171 16
260 227 44
340 433 28
95 404 18
48 276 28
152 220 34
343 43 40
440 250 25
284 491 28
104 428 3
109 72 91
411 154 87
396 264 9
55 312 26
479 365 80
374 289 12
319 216 39
390 73 81
423 434 86
252 79 66
348 436 54
456 240 63
453 325 41
89 232 89
172 181 37
494 257 36
14 90 23
121 420 10
67 440 30
110 66 32
222 197 100
295 457 41
120 237 19
397 479 4
196 234 55
432 272 90
12 17 91
32 432 75
398 192 52
173 242 63
368 296 58
142 193 41
469 324 66
86 235 58
379 328 89
106 48 61
66 392 79
54 409 84
348 53 35
240 289 52
21 445 24
468 457 91
258 31 52
441 347 34
171 18 18
80 280 17
389 24 64
266 212 83
47 349 59
422 284 87
142 132 27
164 61 7
295 115 65
258 14 72
180 119 8
67 86 5
244 280 19
342 413 94
75 403 12
42 315 38
382 138 2
323 247 46
48 184 10
312 114 69
194 42 61
61 440 55
47 160 78
65 131 48
355 108 8
478 363 50
260 105 25
134 315 33
107 57 95
362 280 93
206 355 16
263 78 74
183 227 48
248 165 25
217 333 31
55 280 40
206 172 46
48 387 88
468 254 59
51 147 27
432 302 65
385 5 75
475 285 23
367 499 77
336 24 57
32 212 50
401 476 38
466 286 31
110 376 64
30 293 88
24 484 69
416 105 79
231 353 94
376 209 97
1 210 59
147 346 56
134 288 73
186 283 63
300 375 18
267 347 57
147 181 89
35 415 56
93 106 67
178 227 62
348 493 23
351 288 58
25 357 96
343 276 3
260 55 62
307 256 95
345 265 49
198 113 11
326 426 45
169 1 7
265 103 65
402 237 30
366 441 76
461 152 5
332 325 62
78 278 55
284 178 72
174 23 37
29 12 53
145 336 89
397 30 71
69 319 67
460 33 46
96 322 2
379 467 2
9 196 36
74 190 1
375 356 63
441 234 39
330 106 17
392 69 93
469 102 93
323 194 40
379 100 18
397 474 93
383 210 52
200 367 25
341 84 64
387 95 38
288 270 22
278 218 24
94 226 47
39 493 30
275 483 29
121 33 75
407 35 67
333 95 95
75 418 64
367 234 3
167 480 21
392 310 70
126 137 46
423 119 66
277 280 33
154 110 53
387 212 62
461 145 96
365 66 27
185 177 4
102 295 76
277 340 11
442 366 43
166 229 55
55 177 6
72 151 51
39 324 96
297 395 49
95 441 86
56 67 100
249 434 5
279 109 53
429 236 14
332 286 70
296 299 21
54 442 24
278 385 83
242 302 50
307 123 63
11 73 13
267 89 66
158 457 62
406 81 88
408 1 24
292 222 26
244 166 43
222 193 31
119 243 60
169 384 3
354 38 45
455 45 80
456 211 55
215 400 50
211 84 56
280 300 18
428 353 97
36 240 67
175 467 84
208 350 40
475 437 7
355 160 74
216 190 29
60 133 72
414 495 97
319 464 32
424 137 26
37 70 30
229 297 35
134 146 91
266 156 23
93 270 54
358 228 10
299 247 36
110 371 75
31 202 13
411 236 49
275 38 23
410 421 69
341 215 30
56 96 33
421 321 6
459 269 83
393 466 69
101 210 97
265 135 23
203 82 71
329 183 59
272 99 91
220 6 52
250 440 78
222 87 77
68 489 80
284 167 67
242 430 38
287 43 31
118 388 38
182 316 22
17 3 79
31 385 69
498 230 36
48 466 46
134 392 26
145 430 79
87 471 94
331 119 62
486 330 7
461 253 27
1 328 56
238 308 34
440 435 83
201 377 86
343 4 71
89 436 18
173 447 49
9 410 83
36 63 59
29 476 19
454 64 69
248 163 34
13 315 16
317 245 31
84 309 55
140 284 17
397 270 30
31 387 63
2 387 19
3 447 20
389 228 28
365 297 22
304 30 61
136 266 44
112 478 57
106 184 1
476 495 40
390 253 97
220 278 64
79 11 87
186 282 19
154 129 35
348 115 83
464 480 9
431 495 50
435 39 89
62 212 76
318 496 69
141 181 87
177 58 10
410 449 38
228 45 7
402 314 70
380 211 98
83 71 90
250 225 67
373 221 13
481 469 87
7 379 53
135 82 62
407 208 42
225 128 57
167 234 5
16 54 38
468 10 100
174 388 88
198 136 40
149 192 16
42 208 69
16 232 9
100 171 69
119 276 23
12 202 27
460 292 1
234 81 30
8 45 39
22 50 67
282 305 22
335 99 67
299 498 24
125 77 43
47 133 44
375 262 70
222 174 77
238 115 55
369 37 31
88 474 47
466 219 30
348 203 6
21 167 19
13 45 44
492 70 81
437 332 83
97 199 80
415 250 34
4 171 54
258 8 86
372 224 76
484 139 58
357 444 37
322 39 86
287 417 97
346 141 32
306 491 8
220 338 56
66 146 61
225 265 18
421 268 62
93 10 80
188 100 1
6 90 54
3 191 25
282 116 72
250 201 76
372 229 92
151 152 59
306 347 52
276 167 48
193 454 14
407 135 14
408 227 13
418 372 20
364 335 18
405 221 99
39 77 9
160 429 66
111 178 4
396 359 27
43 149 36
445 308 76
486 13 62
351 356 51
297 69 31
296 382 39
259 23 43
150 412 24
357 448 99
171 204 97
256 304 17
458 398 64
314 475 15
356 319 75
187 315 59
411 290 19
452 339 71
439 193 61
420 290 72
233 370 43
92 130 12
173 422 85
492 441 5
234 370 71
403 83 71
406 184 99
2 484 87
141 137 54
101 417 53
127 193 36
450 419 29
344 423 79
26 285 86
205 155 61
159 195 84
402 99 35
495 147 24
227 237 95
50 455 5
339 291 6
336 387 2
322 476 92
472 103 5
441 410 26
108 280 27
234 35 47
19 217 59
98 466 10
130 256 74
484 151 86
465 285 51
378 141 12
364 309 18
406 223 45
169 300 13
122 256 2
234 54 15
452 489 94
237 469 96
332 97 31
227 220 81
84 483 10
319 66 70
92 355 24
371 15 51
425 261 14
154 168 83
470 372 8
190 460 75
112 425 46
308 382 15
145 471 11
188 38 47
81 490 88
451 287 38
419 375 43
475 473 82
379 142 41
204 188 38
302 338 38
273 289 35
115 194 58
288 318 79
483 189 10
497 80 35
224 337 16
218 331 32
110 160 91
308 312 95
272 148 50
176 378 40
321 397 98
209 158 37
32 367 44
124 71 100
239 414 28
169 50 54
308 46 96
6 9 17
280 18 86
101 366 99
143 245 2
31 79 17
144 163 85
373 485 33
354 493 17
232 79 29
166 480 80
452 477 21
321 57 88
346 62 29
75 343 3
372 255 7
497 96 38
326 305 5
23 86 47
230 193 23
472 44 28
65 437 14
8 342 39
275 2 40
16 58 25
12 76 100
256 40 77
266 231 19
99 311 76
241 25 95
197 154 75
459 470 66
8 459 46
396 329 54
301 3 32
454 249 48
273 179 82
436 215 84
69 423 79
355 483 56
243 352 50
323 181 55
310 95 19
82 170 62
284 364 100
178 289 94
376 84 1
198 222 38
373 180 14
176 199 86
58 57 45
442 493 86
120 410 92
147 430 96
36 112 56
395 10 47
482 407 15
275 136 27
174 66 78
290 437 62
379 232 62
29 375 74
418 336 43
99 350 40
111 72 5
169 218 85
156 100 18
21 282 25
434 237 30
110 307 30
160 2 9
399 316 58
488 146 51
177 449 64
228 171 38
454 182 32
459 370 68
306 129 14
121 165 68
454 260 97
290 96 91
176 273 73
44 374 7
421 111 54
81 419 96
307 431 85
130 396 49
445 79 46
31 123 1
93 334 16
180 365 95
176 323 11
295 69 92
331 15 37
155 106 83
96 125 23
323 126 77
305 457 28
177 418 10
463 385 58
388 415 12
382 132 45
33 116 89
167 314 9
226 206 67
323 302 45
94 352 41
89 234 96
323 378 73
402 115 100
469 78 37
232 177 87
284 261 3
415 435 16
417 369 56
99 285 89
161 121 9
13 76 47
173 481 24
471 69 51
459 417 74
400 403 83
243 65 83
205 374 72
89 246 9
319 19 41
463 23 1
392 288 62
310 98 66
283 91 49
76 213 82
143 251 37
489 476 37
209 177 66
415 276 6
421 343 81
359 65 12
480 233 17
146 216 31
63 282 89
207 302 73
327 309 52
443 228 51
292 295 10
324 81 84
426 158 59
392 471 13
346 83 95
396 400 86
340 462 34
64 378 66
180 279 34
327 115 48
335 117 50
35 89 55
83 461 79
332 99 10
463 471 39
201 481 84
260 63 12
279 342 99
367 268 39
207 297 95
67 14 14
372 368 93
118 214 4
116 372 80
133 105 64
423 3 79
129 86 35
32 361 82
101 158 11
311 40 90
403 293 2
60 433 72
117 66 74
98 401 84
299 467 6
209 219 14
370 312 44
411 433 17
152 151 70
69 375 66
449 264 30
113 262 58
69 270 87
236 325 46
419 326 63
98 134 11
496 274 36
93 301 2
201 227 52
190 400 54
417 171 78
263 170 55
480 377 66
454 163 97
91 24 72
182 191 86
97 100 70
40 397 14
459 314 57
137 448 39
38 486 13
103 94 38
91 447 97
221 235 31
487 322 34
374 355 82
157 286 99
114 251 42
67 46 7
191 309 4
21 245 67
485 82 28
239 116 96
120 230 70
154 10 78
313 165 95
35 417 74
385 220 59
183 168 18
322 277 6
140 85 29
486 134 26
436 357 74
94 82 79
374 268 19
445 318 33
126 108 56
37 184 16
383 3 42
308 161 18
328 491 79
5 305 53
320 207 59
317 263 50
361 219 76
113 442 25
183 294 28
247 391 5
493 488 66
324 308 55
136 6 59
290 436 16
272 343 78
161 43 65
125 234 72
460 438 99
191 490 84
175 396 37
52 114 99
208 23 70
274 167 91
245 370 27
105 274 19
386 60 88
417 177 8
418 200 88
433 43 72
30 321 10
399 245 85
337 327 1
6 233 61
67 300 16
172 348 40
185 40 59
72 288 13
399 62 52
179 203 29
97 122 74
370 202 29
26 100 63
59 111 50
57 437 42
24 307 45
494 131 32
427 191 10
53 209 19
487 458 96
495 381 20
26 270 25
404 205 4
489 140 4
416 343 50
154 378 4
444 477 54
164 456 4
350 131 98
452 290 32
475 325 48
423 339 1
313 7 5
429 135 63
438 380 66
65 302 55
231 32 93
254 55 32
63 434 53
331 188 14
175 464 60
337 289 22
213 497 34
307 325 21
68 388 37
492 322 12
91 170 26
65 337 17
232 334 21
170 332 43
78 301 69
346 87 61
299 352 26
153 263 35
482 70 73
233 201 79
359 149 8
339 41 22
427 111 22
499 294 30
132 165 15
463 97 49
254 427 82
101 346 65
342 221 97
351 395 68
278 28 16
102 366 64
93 117 69
16 471 18
43 364 28
263 384 40
29 47 48
320 328 97
412 238 74
239 326 21
204 181 95
90 477 15
372 28 96
358 254 76
349 384 12
285 48 30
201 337 51
348 283 38
250 146 62
111 44 93
434 62 32
296 99 88
407 210 26
140 188 47
131 423 37
174 101 38
31 255 60
147 379 98
499 54 22
343 252 16
369 182 98
332 450 42
121 358 10
73 188 6
239 134 68
340 383 21
464 78 81
432 75 7
435 223 47
413 433 3
489 218 17
182 149 33
20 23 54
219 346 80
134 322 57
100 227 83
90 258 76
305 381 71
170 31 32
186 381 66
48 10 9
497 366 69
215 479 92
211 80 99
270 234 12
127 368 42
241 64 79
470 365 95
385 9 16
48 419 48
91 403 23
296 48 71
161 469 12
288 454 96
261 268 45
257 380 24
2 497 83
464 286 17
491 482 47
27 314 72
219 159 33
167 210 19
1 194 67
498 258 54
208 83 100
93 482 42
290 389 27
462 160 70
216 208 75
445 111 94
263 147 72
276 353 100
254 261 89
291 194 34
491 368 92
59 150 61
96 452 69
284 309 21
292 496 38
339 2 27
23 369 2
124 406 87
460 89 64
162 483 7
184 117 35
208 104 25
276 147 34
112 153 76
170 185 13
163 359 91
359 122 31
148 382 6
315 358 73
358 101 19
385 134 35
438 233 29
340 388 30
98 364 87
53 491 97
72 437 59
34 436 52
374 4 37
309 160 51
291 78 58
465 270 88
409 81 18
222 187 4
156 254 90
151 386 11
379 361 50
291 165 63
366 89 28
394 412 30
447 286 13
386 363 97
43 308 53
95 203 99
378 361 28
326 8 24
292 285 34
194 14 3
451 53 34
393 269 25
437 488 92
463 92 56
352 407 93
276 49 28
306 269 75
133 348 23
475 152 85
52 122 86
278 413 88
115 175 40
404 221 40
477 151 4
35 238 98
112 178 20
11 486 63
238 428 56
68 106 59
366 91 54
81 313 22
317 400 67
182 451 64
423 54 4
141 328 53
107 133 91
478 85 59
413 383 16
193 218 31
110 236 17
488 285 29
41 153 85
241 285 40
303 70 41
415 479 35
119 495 56
175 452 85
246 36 98
384 460 82
105 36 78
38 160 39
465 457 16
445 63 76
62 368 34
164 49 16
288 49 11
389 354 32
387 241 29
222 126 38
230 241 24
206 371 88
117 240 68
360 272 96
213 124 58
232 161 68
246 364 42
486 345 29
499 97 79
261 328 16
364 305 87
142 3 62
325 131 90
103 267 9
232 308 73
402 56 27
432 46 76
281 365 70
242 246 95
347 97 7
451 486 23
490 88 16
259 411 56
60 208 5
390 70 86
170 199 10
108 147 23
327 312 91
64 45 35
170 342 63
498 373 3
476 170 81
3 353 95
219 451 81
219 204 18
152 51 34
189 258 41
473 34 51
480 207 2
279 63 91
231 47 86
180 408 57
493 298 54
397 368 1
313 396 4
469 499 50
239 307 95
269 456 87
301 213 56
333 56 73
444 84 56
347 447 94
212 400 95
123 42 27
249 483 64
241 44 56
21 437 39
296 438 80
148 93 29
38 443 13
384 260 82
217 222 47
334 82 58
98 26 44
399 34 79
355 10 42
163 5 42
299 147 59
354 413 52
379 372 86
120 203 12
431 475 27
122 413 98
44 319 42
140 324 54
380 16 75
267 302 17
147 321 3
113 374 91
435 331 43
387 2 54
85 397 37
92 421 100
162 58 74
233 260 43
295 82 5
483 216 96
151 221 28
131 113 62
166 347 86
102 428 80
80 456 84
237 281 51
456 338 47
409 90 90
316 224 10
452 210 84
82 432 50
203 383 53
231 221 70
411 175 4
261 16 46
180 288 41
104 423 62
318 249 73
347 205 9
12 363 27
476 482 71
412 57 94
443 272 56
226 152 17
195 21 55
476 304 6
418 209 56
438 479 62
185 328 40
226 80 65
383 381 66
387 463 99
76 378 52
159 158 26
318 262 12
198 27 99
57 80 89
241 175 98
14 45 31
134 284 33
425 209 72
459 249 27
315 248 85
226 185 34
363 191 76
34 404 73
406 7 34
67 365 60
316 396 49
480 278 44
30 480 32
373 177 86
24 490 68
245 88 77
219 260 37
410 101 77
167 68 75
114 138 96
294 409 76
127 340 54
2 121 39
326 393 61
401 308 72
434 220 65
168 268 21
109 49 71
317 141 63
367 178 49
301 172 91
239 197 27
240 180 91
488 383 52
266 54 25
2 276 76
91 486 68
272 266 76
349 343 60
34 336 49
77 289 40
245 302 67
191 153 54
159 7 7
188 250 100
62 230 2
71 10 71
3 143 49
479 199 90
33 427 6
407 412 13
75 364 61
120 399 91
236 43 20
191 353 72
180 318 15
322 106 24
242 361 10
369 247 54
291 187 15
274 473 77
152 420 29
251 176 55
382 388 47
456 176 90
339 497 95
486 443 75
417 300 97
28 309 25
303 86 4
417 67 77
134 242 13
226 97 20
403 249 100
200 266 9
135 281 23
476 243 71
12 373 58
46 344 28
347 440 41
313 254 33
166 345 58
240 412 36
235 62 12
199 110 89
287 420 14
493 373 16
301 284 81
301 44 51
237 289 72
281 231 73
369 59 91
194 338 82
129 460 81
47 424 66
92 394 32
352 95 29
248 357 2
495 474 13
173 470 73
490 7 17
361 477 72
104 454 36
114 358 82
109 294 76
216 481 79
275 108 23
364 283 47
349 34 38
6 447 46
151 188 57
329 390 78
250 261 64
472 410 44
118 0 37
412 189 47
6 404 43
435 216 41
201 137 93
126 39 48
469 211 80
13 337 90
391 438 62
230 416 48
273 363 63
179 398 8
91 443 72
381 277 94
23 352 24
422 423 86
104 199 39
78 427 62
133 424 58
21 279 91
14 8 75
157 36 87
461 156 53
270 374 84
175 399 65
166 467 75
69 257 1
189 98 88
292 104 62
493 10 34
7 56 4
464 441 20
72 491 10
465 177 86
265 356 31
23 153 34
80 445 96
89 40 20
346 186 39
345 266 12
467 401 38
351 315 53
405 102 73
39 404 4
395 407 70
182 43 67
87 200 43
372 283 42
352 83 9
237 370 29
251 86 58
443 310 13
170 77 36
56 53 86
53 454 11
346 78 16
437 266 14
330 65 89
126 193 53
177 143 93
376 27 58
134 150 78
22 129 94
252 147 15
9 24 35
393 435 57
182 267 64
319 90 75
416 167 59
249 153 23
138 65 84
189 376 79
52 228 12
364 28 11
340 352 100
289 113 54
426 452 23
282 223 24
309 364 90
248 421 29
386 261 7
72 304 51
357 230 28
278 474 42
236 228 57
70 364 65
152 123 3
475 85 92
133 35 40
35 121 26
421 394 82
375 209 16
238 119 33
224 361 16
360 343 63
241 311 13
455 123 37
150 25 83
31 400 96
160 123 47
245 145 85
368 194 79
8 398 23
180 161 54
207 219 5
177 23 15
251 454 13
303 239 3
390 420 59
105 261 53
391 291 39
303 302 97
152 369 31
4 324 63
422 274 54
389 382 1
70 385 34
142 144 29
495 354 34
146 357 97
472 246 13
419 41 49
279 87 98
270 251 36
288 188 99
402 466 79
480 403 5
98 287 60
400 271 62
440 129 30
38 127 78
462 294 70
333 159 88
333 445 88
352 358 61
336 441 64
52 86 71
495 255 50
241 87 24
175 30 100
415 363 7
233 2 23
293 10 38
434 247 73
140 472 52
399 368 6
188 257 10
319 30 34
416 200 81
281 167 93
493 486 69
477 112 91
466 316 19
370 343 28
316 235 28
374 248 16
136 70 70
141 437 79
418 403 72
185 223 72
225 258 71
242 181 30
326 288 79
169 355 83
170 358 96
15 84 42
427 487 26
178 418 28
73 436 24
445 249 100
132 484 59
189 466 96
238 207 66
392 60 14
372 484 22
174 439 31
90 103 96
415 351 47
496 178 25
188 119 25
224 223 97
254 238 1
62 408 46
165 90 33
462 4 80
403 106 57
122 466 34
253 15 51
204 295 77
388 235 44
22 298 60
69 274 48
400 124 41
330 137 73
302 147 87
217 226 71
454 270 70
359 400 43
477 461 57
12 421 21
257 72 41
379 331 38
171 216 13
242 263 74
12 440 81
497 40 12
66 35 78
342 333 5
424 387 30
90 170 44
274 78 46
376 219 40
408 43 7
346 97 25
143 70 83
372 225 43
90 107 79
220 455 47
248 435 12
184 323 18
285 347 45
262 67 28
482 280 76
255 431 59
40 383 20
290 478 56
143 67 10
75 50 31
206 98 63
13 415 37
378 193 5
424 452 55
291 276 13
365 494 87
383 367 3
246 96 7
338 413 23
272 257 60
121 177 57
396 434 21
175 37 6
429 274 51
342 192 12
481 282 8
115 47 91
281 241 87
39 491 69
364 437 53
144 452 60
182 246 30
388 242 84
302 51 87
419 264 37
196 235 99
195 375 46
332 394 77
436 236 76
350 185 8
434 343 38
80 455 81
254 277 61
201 33 97
