500 2000
0 317 20
317 8 2
8 332 37
332 64 72
64 90 60
90 378 1
378 111 47
111 100 5
100 492 69
492 63 49
63 489 73
489 273 57
273 411 27
411 388 87
388 374 40
374 34 64
34 231 84
231 458 18
458 454 62
454 113 89
113 211 69
211 248 92
248 93 39
93 296 10
296 65 34
65 427 41
427 305 39
305 235 43
235 331 83
331 194 40
194 340 84
340 277 83
277 190 51
190 421 67
421 212 12
212 242 66
242 275 82
275 241 27
241 28 51
28 155 77
155 330 68
330 9 20
9 40 65
40 105 81
105 437 12
437 400 40
400 361 6
361 285 30
285 146 59
146 329 72
329 476 30
476 301 67
301 386 36
386 341 8
341 144 15
144 370 15
370 274 87
274 171 49
171 225 47
225 203 28
203 115 41
115 84 46
84 409 10
409 196 43
196 452 59
452 104 47
104 141 22
141 347 64
347 49 57
49 333 38
333 312 60
312 150 18
150 494 92
494 337 57
337 424 82
424 71 28
71 475 35
475 61 42
61 360 21
360 265 13
265 189 31
189 245 61
245 62 25
62 389 97
389 103 87
103 200 48
200 480 24
480 222 46
222 77 18
77 4 18
4 307 30
307 99 35
99 148 71
148 294 82
294 214 49
214 52 52
52 433 96
433 122 44
122 142 36
142 240 93
240 354 77
354 33 65
33 364 75
364 390 89
390 166 94
166 139 42
139 153 96
153 328 52
328 161 97
161 97 92
97 355 91
355 181 81
181 460 97
460 226 92
226 313 38
313 271 69
271 404 80
404 342 82
342 281 86
281 396 10
396 163 48
163 461 40
461 419 51
419 178 62
178 267 23
267 417 34
417 276 46
276 289 57
289 474 62
474 284 12
284 376 24
376 416 41
416 46 49
46 154 17
154 236 4
236 220 14
220 22 45
22 110 22
110 67 46
67 145 10
145 41 94
41 297 98
297 219 84
219 76 56
76 179 2
179 224 70
224 299 42
299 223 31
223 472 77
472 69 50
69 293 70
293 37 37
37 118 61
118 92 82
92 383 20
383 344 47
344 12 41
12 449 26
449 184 64
184 478 13
478 238 19
238 174 27
174 393 43
393 373 33
373 397 19
397 395 54
395 169 47
169 300 33
300 32 12
32 102 44
102 345 25
345 36 32
36 468 91
468 101 31
101 183 94
183 319 79
319 385 6
385 280 44
280 353 48
353 465 83
465 20 99
20 201 79
201 208 8
208 247 19
247 73 23
73 2 9
2 470 56
470 315 57
315 151 100
151 399 35
399 244 17
244 125 42
125 457 67
457 204 74
204 321 15
321 306 44
306 218 83
218 318 99
318 199 91
199 51 79
51 232 51
232 249 30
249 254 7
254 106 51
106 498 99
498 290 61
290 308 63
308 96 80
96 322 41
322 75 70
75 216 80
216 157 77
157 402 12
402 292 76
292 368 66
368 436 69
436 123 86
123 309 64
309 170 52
170 25 89
25 252 59
252 227 22
227 403 53
403 352 50
352 14 68
14 152 58
152 149 6
149 253 14
253 363 58
363 481 76
481 112 17
112 207 16
207 429 88
429 54 65
54 456 23
456 467 10
467 176 51
176 357 40
357 420 59
420 165 91
165 430 2
430 80 33
80 431 14
431 278 86
278 172 45
172 134 29
134 7 23
7 56 4
56 255 19
255 60 55
60 193 86
193 493 12
493 6 44
6 422 84
422 27 60
27 124 7
124 45 61
45 57 31
57 282 9
282 210 62
210 197 18
197 324 72
324 325 4
325 323 18
323 413 90
413 358 65
358 132 70
132 485 8
485 394 7
394 42 26
42 483 70
483 38 1
38 466 67
466 120 44
120 326 88
326 477 68
477 469 31
469 448 18
448 406 48
406 50 63
50 88 1
88 423 17
423 68 70
68 18 15
18 130 32
130 348 14
348 72 60
72 401 28
401 10 7
10 215 79
215 135 28
135 133 81
133 369 49
369 74 44
74 168 80
168 410 83
410 398 51
398 473 92
473 384 68
384 382 65
382 314 100
314 407 87
407 53 21
53 162 66
162 48 14
48 116 20
116 243 81
243 79 27
79 206 23
206 136 49
136 24 26
24 310 39
310 283 44
283 230 56
230 484 19
484 16 55
16 432 17
432 173 51
173 147 41
147 58 39
58 381 13
381 177 72
177 3 13
3 463 61
463 78 35
78 127 37
127 23 68
23 380 98
380 198 63
198 1 36
1 356 30
356 95 54
95 81 90
81 66 18
66 131 90
131 192 71
192 11 85
11 21 14
21 496 4
496 35 78
35 59 71
59 43 97
43 447 26
447 487 28
487 444 25
444 440 51
440 425 75
425 30 6
30 17 83
17 455 18
455 365 81
365 108 4
108 126 96
126 137 34
137 443 90
443 268 93
268 366 61
366 350 70
350 117 7
117 303 95
303 140 99
140 26 29
26 335 19
335 295 77
295 31 41
31 55 5
55 98 89
98 5 26
5 175 14
175 39 18
39 320 82
320 351 89
351 188 70
188 263 24
263 414 98
414 107 12
107 375 88
375 160 60
160 209 81
209 302 38
302 392 27
392 334 21
334 260 42
260 266 90
266 288 36
288 259 67
259 362 73
362 156 9
156 159 53
159 246 54
246 464 86
464 316 93
316 86 5
86 359 59
359 445 39
445 114 85
114 338 16
338 250 82
250 234 90
234 471 94
471 286 35
286 372 3
372 291 28
291 180 54
180 418 43
418 233 34
233 339 69
339 426 94
426 434 51
434 439 76
439 257 68
257 256 96
256 143 26
143 251 56
251 128 99
128 272 17
272 336 89
336 237 22
237 379 58
379 367 59
367 205 45
205 387 50
387 83 61
83 495 79
495 186 33
186 182 79
182 304 25
304 405 75
405 459 61
459 391 57
391 269 25
269 488 97
488 213 61
213 408 74
408 229 44
229 94 40
94 451 10
451 346 22
346 264 48
264 491 78
491 497 81
497 262 61
262 70 29
70 89 99
89 167 79
167 450 84
450 13 85
13 119 74
119 121 17
121 91 88
91 287 40
287 85 27
85 270 69
270 453 39
453 217 13
217 195 2
195 164 4
164 239 26
239 187 41
187 15 8
15 446 41
446 479 69
479 462 33
462 138 93
138 258 86
258 228 44
228 279 57
279 191 10
191 261 54
261 441 61
441 371 92
371 412 3
412 202 37
202 327 75
327 221 74
221 82 17
82 349 28
349 298 20
298 19 21
19 482 78
482 109 99
109 311 49
311 129 93
129 158 9
158 438 82
438 343 76
343 415 58
415 377 36
377 87 83
87 428 11
428 185 64
185 44 62
44 47 31
47 29 20
29 435 73
435 486 39
486 442 30
442 490 26
490 499 80
253 410 75
364 236 64
141 493 13
426 124 32
86 233 26
492 392 75
343 330 62
38 300 65
419 165 40
5 395 41
455 253 96
177 357 85
409 453 63
439 229 29
424 154 75
280 150 59
473 449 7
156 74 37
38 391 44
483 478 77
357 379 4
357 268 2
156 470 99
484 206 19
376 284 38
157 114 87
230 12 78
352 128 13
86 62 99
298 351 18
459 134 14
257 173 5
455 405 48
463 6 22
204 422 96
64 20 76
210 350 61
379 436 15
262 86 43
118 184 33
468 308 5
143 244 51
152 173 62
317 422 25
234 12 79
201 286 68
409 295 69
77 157 83
135 238 32
40 453 57
107 279 34
471 200 32
400 226 63
133 212 17
463 49 56
37 138 9
252 334 91
494 383 49
132 318 62
482 273 48
307 365 16
397 218 5
70 152 50
98 12 77
360 190 11
230 405 25
172 348 98
136 299 25
67 140 55
234 56 66
103 9 25
256 404 88
145 373 18
360 90 37
190 176 51
391 458 19
148 439 5
243 361 39
303 48 29
97 368 70
385 440 3
288 7 3
488 386 58
290 363 68
376 175 42
234 242 20
274 227 45
215 144 67
71 311 14
275 4 13
339 408 35
349 97 94
71 497 15
16 474 85
399 125 50
305 125 81
238 356 78
251 454 9
428 236 33
227 369 36
113 172 54
6 389 22
340 159 22
263 128 69
56 119 28
465 391 33
150 331 89
21 15 58
10 191 47
66 375 48
404 445 69
351 426 59
377 193 14
240 44 35
464 239 21
372 114 68
193 260 26
385 214 35
346 459 16
96 345 8
186 347 72
314 142 71
188 120 35
172 93 49
358 251 66
399 14 100
278 205 95
275 48 34
89 182 72
348 93 79
382 2 20
149 87 17
254 390 80
266 207 32
492 195 54
249 418 39
445 463 22
317 147 61
407 232 34
81 80 56
265 362 83
26 123 48
100 432 43
460 358 35
9 34 48
382 350 72
118 452 95
276 219 42
409 74 12
353 398 77
214 397 25
453 340 67
363 436 43
341 222 57
341 175 57
197 88 2
255 149 73
403 465 57
231 470 70
206 367 24
220 424 54
455 312 75
472 403 64
380 414 40
491 244 32
267 297 59
224 482 28
284 155 49
78 112 88
141 48 72
150 120 24
117 68 71
49 358 38
109 63 15
204 50 32
481 433 86
151 285 49
236 332 11
63 149 4
51 215 24
358 439 34
23 292 52
308 496 77
197 483 60
310 355 73
364 376 85
327 481 40
219 496 50
161 395 30
135 91 32
26 68 26
65 192 41
394 67 82
390 265 93
367 99 60
357 332 18
84 147 84
92 471 74
58 291 81
319 156 81
50 348 29
275 325 31
455 177 84
236 84 46
426 160 30
34 76 71
56 107 48
212 103 44
304 216 57
33 255 73
437 426 19
139 246 98
269 42 34
156 149 8
305 456 51
304 11 17
26 219 11
166 100 83
407 412 93
399 325 2
434 486 16
427 458 40
453 241 40
70 475 47
125 133 68
273 111 21
54 239 37
18 155 42
447 118 97
170 37 31
46 268 47
125 463 7
375 292 79
292 48 18
223 497 22
404 466 5
311 17 63
145 481 58
139 174 57
347 380 9
492 493 12
211 362 13
213 205 24
397 69 26
217 63 16
215 214 10
24 463 16
164 345 64
243 430 26
428 74 29
345 102 77
310 36 58
375 92 69
257 76 88
196 60 93
171 384 49
159 22 24
378 311 26
139 119 63
65 358 92
383 186 14
391 86 11
25 208 35
496 259 7
248 68 61
72 76 45
44 2 9
211 51 64
159 300 15
380 171 33
420 66 47
24 38 100
293 491 28
60 114 18
357 65 20
344 232 87
28 382 34
103 433 93
48 371 25
143 9 82
362 447 66
252 298 99
463 250 91
356 330 71
468 125 32
366 117 7
145 342 4
80 34 30
322 194 92
426 225 79
173 66 23
144 66 69
306 494 54
260 254 42
242 478 83
364 302 64
485 98 30
284 69 20
124 461 67
279 268 48
353 245 66
93 406 98
416 357 8
293 323 59
43 223 53
84 13 92
258 163 83
495 110 19
34 148 5
430 422 71
338 300 22
435 89 26
377 102 86
139 443 16
208 360 88
475 319 70
409 217 21
37 17 15
224 330 5
328 118 2
274 217 52
499 106 32
38 154 53
332 58 44
292 258 11
216 103 11
8 25 25
382 147 88
18 322 69
453 350 27
283 82 66
95 295 51
353 112 36
430 184 37
478 53 13
41 22 69
333 340 72
390 333 97
326 191 17
51 138 60
38 30 92
149 304 21
316 309 85
20 415 58
174 190 93
66 333 16
139 233 32
80 260 21
28 374 56
88 79 52
217 122 99
404 95 26
209 167 47
21 400 15
57 467 63
41 136 59
234 361 43
21 431 99
446 63 9
431 392 48
386 156 91
308 64 73
152 247 95
57 403 22
36 436 29
202 408 7
153 181 46
370 473 50
110 255 43
369 255 21
385 161 46
224 98 52
421 342 96
196 183 9
77 145 29
322 353 85
147 355 54
351 343 44
164 488 65
266 42 44
207 238 31
299 495 25
429 334 3
221 317 91
362 316 44
106 136 27
101 461 18
176 281 84
249 202 87
13 364 38
460 84 93
92 445 72
448 384 58
406 319 59
423 244 51
160 301 3
35 388 30
90 80 5
40 266 6
290 218 57
364 127 1
245 203 83
347 374 46
232 54 61
13 16 47
12 451 86
101 216 75
23 346 77
5 490 58
278 23 42
447 413 56
381 210 66
109 435 39
202 262 62
164 482 8
271 357 37
334 418 31
261 34 35
177 460 40
38 202 28
311 255 12
347 177 15
418 499 81
429 43 40
142 177 100
287 331 77
241 15 100
254 166 82
181 441 59
337 139 29
386 12 41
421 317 34
251 291 21
224 124 78
88 32 66
210 289 75
336 200 79
477 419 95
180 264 90
139 435 56
276 304 91
83 165 81
400 124 39
182 365 43
290 129 71
339 351 9
158 180 82
141 137 62
69 82 64
286 254 62
450 37 98
222 498 59
348 86 31
129 383 98
129 257 67
121 260 46
205 333 84
361 466 88
158 346 4
52 245 10
207 404 96
386 134 62
272 352 34
326 236 85
428 27 19
110 0 15
214 467 19
337 383 52
258 186 5
363 324 100
365 104 61
60 34 54
84 192 45
336 352 59
402 353 94
439 400 41
276 479 29
281 30 70
157 410 87
347 230 78
486 310 91
3 64 27
391 113 53
491 21 11
187 138 100
449 291 43
374 492 17
59 150 26
170 128 93
25 469 50
276 127 41
418 285 8
239 347 81
116 183 52
77 313 15
492 349 74
122 208 6
247 102 76
333 9 30
247 290 73
154 217 40
6 118 98
121 251 39
443 236 69
480 270 73
172 261 1
497 445 31
356 141 90
251 424 20
484 335 75
35 125 96
61 270 78
24 258 63
386 451 3
201 364 5
87 19 8
258 178 68
123 295 50
102 469 8
112 92 24
19 44 46
301 429 84
116 87 24
88 458 75
175 49 92
244 275 98
317 135 74
424 185 11
449 136 8
448 136 66
159 12 94
103 63 47
316 246 34
445 437 40
371 360 20
53 2 11
117 320 80
35 204 76
277 456 68
146 347 63
153 37 3
259 337 31
99 167 79
456 21 98
320 80 40
6 122 55
349 20 75
400 489 58
228 164 99
375 257 96
277 380 1
360 197 15
432 179 67
207 4 11
103 88 63
444 35 32
379 224 47
317 142 6
155 277 41
80 36 14
299 207 37
218 145 83
97 328 22
362 14 85
42 1 11
376 14 36
21 384 52
466 276 100
417 298 85
207 444 21
255 2 29
126 319 96
140 488 6
325 30 93
13 393 88
137 466 33
268 327 24
247 44 100
110 376 6
186 497 29
414 420 100
438 378 51
190 443 23
208 290 32
285 145 18
57 204 49
339 460 19
160 237 58
370 238 56
493 327 54
422 427 58
313 450 21
359 61 76
232 260 56
274 113 15
62 280 28
20 273 14
45 255 45
415 349 79
19 9 78
239 102 56
293 139 43
454 41 90
343 16 4
7 457 26
302 68 94
380 498 65
161 206 62
330 413 21
222 52 77
60 54 8
497 96 68
147 278 87
310 380 4
115 134 78
328 100 10
408 240 21
273 78 99
272 242 22
9 186 88
383 133 78
390 338 18
13 361 87
186 317 68
322 416 4
252 481 13
447 166 21
166 235 49
91 218 37
461 247 68
186 365 62
269 140 46
412 447 62
130 173 40
341 93 45
258 477 37
245 350 31
19 112 48
488 176 44
86 231 24
480 305 34
311 338 95
91 465 17
360 247 80
27 418 54
141 136 48
391 437 26
72 494 42
37 483 40
31 366 5
188 214 7
263 459 41
211 220 95
312 116 29
341 235 12
152 380 32
401 239 15
163 334 65
294 156 51
334 48 20
396 407 83
175 258 80
477 278 91
16 402 94
115 5 86
447 79 67
193 252 74
366 81 88
345 162 81
241 295 40
228 308 74
495 59 53
109 128 30
474 484 6
221 277 7
31 111 38
477 398 78
390 95 19
259 172 71
299 443 30
58 458 50
467 484 23
346 54 58
140 9 81
285 313 45
131 81 53
66 490 64
138 374 59
177 234 85
247 484 23
364 205 15
171 133 48
466 356 55
329 371 24
66 159 47
430 16 76
19 77 88
314 498 15
76 388 53
210 207 91
144 432 13
51 451 50
207 169 35
472 295 15
482 377 28
454 345 90
199 488 19
58 388 18
23 499 63
223 471 61
387 121 87
407 398 93
209 35 39
333 88 74
108 402 70
192 392 3
165 32 87
84 231 24
289 221 27
90 70 55
155 185 30
435 231 48
83 209 22
399 459 78
224 101 87
387 305 57
67 40 21
364 130 11
230 438 65
148 6 91
373 412 33
493 40 44
225 227 88
332 68 92
35 270 92
338 401 76
305 123 25
141 106 80
258 203 71
107 267 56
338 128 22
472 21 7
370 205 82
151 38 14
386 377 2
130 2 44
310 213 98
90 365 76
378 436 77
268 421 95
120 92 3
192 274 36
361 294 64
322 141 32
470 181 62
440 157 2
467 254 21
0 379 97
343 445 79
407 108 47
404 9 81
48 194 48
15 212 32
297 200 56
345 482 66
77 23 94
355 119 53
32 194 93
80 173 68
193 304 11
460 479 58
249 68 61
361 68 11
210 478 43
42 18 54
275 327 38
451 12 83
452 445 91
372 318 26
237 448 98
332 92 55
45 364 13
306 222 36
178 189 58
80 425 12
300 5 46
445 157 70
235 178 54
456 237 43
354 252 9
432 345 54
202 183 65
382 7 87
114 498 74
287 431 24
239 165 35
381 270 23
80 54 70
171 419 21
382 383 23
255 221 34
31 459 35
149 115 36
206 265 25
287 160 23
71 74 36
473 19 6
363 30 69
4 216 83
356 118 37
131 499 34
264 245 49
122 150 60
486 324 49
374 27 79
229 440 35
205 345 74
42 218 69
423 315 68
447 35 99
339 43 34
113 141 49
436 136 15
14 448 99
5 159 15
451 317 87
75 381 74
39 145 33
11 205 18
202 99 18
109 53 42
264 173 72
1 343 100
435 496 67
487 277 5
255 73 82
428 491 49
343 200 92
44 435 82
330 463 13
330 215 97
47 254 80
426 219 37
447 254 42
282 49 47
273 407 24
275 221 10
240 206 34
422 461 86
375 347 56
161 142 32
114 278 16
66 431 19
114 36 80
493 473 80
121 191 36
438 473 31
114 124 52
198 214 57
315 69 46
322 223 75
342 3 100
414 55 89
146 177 2
125 25 40
256 44 3
495 81 85
99 288 98
330 200 99
198 228 69
162 151 72
2 399 32
208 261 100
281 321 96
303 454 90
412 234 38
169 492 60
442 351 19
339 341 42
21 269 26
92 438 78
121 198 79
452 108 80
302 47 60
44 237 9
221 17 27
356 115 82
423 73 88
177 277 48
40 237 98
441 142 94
184 353 69
458 487 30
48 425 86
236 120 71
256 341 81
360 339 76
435 205 12
463 464 66
279 170 79
436 140 89
226 75 76
479 167 63
87 84 40
17 137 91
365 441 51
111 221 25
461 89 73
229 497 45
269 268 33
165 443 1
460 257 10
296 330 12
186 110 80
470 252 12
233 347 99
71 321 27
235 413 35
267 477 32
352 63 84
324 329 7
382 186 15
408 288 84
386 3 4
85 496 6
114 394 43
89 427 27
266 279 54
377 290 72
70 306 95
343 357 94
391 261 78
128 79 2
244 327 14
403 3 41
18 57 35
192 145 50
185 115 94
408 391 30
256 384 72
263 179 15
134 49 97
427 221 59
478 200 79
92 179 27
399 152 82
339 73 80
468 334 25
52 423 37
231 383 73
194 140 58
489 188 46
463 393 21
325 324 86
23 120 23
481 479 93
105 75 18
412 187 84
366 144 3
11 123 16
182 150 72
397 114 22
368 243 40
199 269 100
90 237 24
361 141 96
207 306 50
387 8 32
54 230 32
251 326 51
422 349 5
349 183 74
32 496 9
459 278 9
58 63 94
79 38 13
138 264 24
9 378 60
277 485 57
253 490 23
77 426 49
491 167 48
424 137 37
465 294 89
437 488 19
197 146 73
390 352 15
314 61 21
491 29 12
334 74 1
404 442 14
361 365 35
430 394 16
222 138 3
275 207 72
95 82 63
191 157 19
406 374 19
416 56 5
436 418 3
134 152 39
412 458 31
77 96 1
278 415 15
349 23 34
130 157 100
315 9 32
362 305 39
113 55 79
225 194 70
268 338 53
176 177 6
156 26 67
113 46 67
181 414 6
227 219 93
150 73 73
226 248 22
474 369 34
181 499 83
129 287 93
281 98 76
461 28 76
208 101 29
219 292 27
323 194 36
102 427 23
304 453 13
232 18 64
316 479 36
494 20 66
443 187 59
291 303 15
497 185 73
388 417 82
153 243 40
7 132 96
259 492 77
170 404 60
82 167 41
371 380 9
493 112 45
220 94 45
465 15 27
19 496 8
123 86 95
383 379 77
42 227 69
224 471 27
359 8 34
64 13 21
64 77 9
455 378 49
18 273 50
373 361 60
204 418 89
133 239 100
269 163 7
492 305 72
387 28 75
74 130 68
170 308 88
290 269 7
249 413 60
33 421 97
465 298 23
173 292 23
479 480 100
181 492 49
20 378 23
481 181 8
111 186 55
408 148 12
82 365 76
266 439 76
85 2 77
271 80 89
202 91 67
440 176 29
218 265 25
290 27 98
355 35 24
44 57 29
352 406 67
206 52 92
130 279 98
180 366 75
463 409 70
21 69 20
260 128 95
349 293 43
268 325 4
264 294 35
270 191 76
163 496 14
181 92 91
334 286 85
388 323 2
344 392 55
496 341 44
289 175 62
481 192 22
18 206 45
202 266 60
301 288 21
79 368 4
58 46 65
109 78 60
47 67 93
15 369 22
463 88 44
390 286 30
406 84 69
362 212 41
192 217 65
431 486 48
217 45 39
253 400 19
497 1 5
323 14 9
440 49 12
398 351 54
19 0 68
318 120 8
485 313 63
236 6 93
259 314 56
69 11 11
492 152 69
29 100 43
362 396 95
490 433 58
381 39 53
80 82 62
86 79 77
185 332 55
69 357 88
0 401 43
216 189 89
382 220 25
39 395 58
379 168 33
247 47 36
9 187 82
63 474 33
68 162 95
274 350 72
16 137 18
52 199 100
128 401 80
92 323 89
428 207 41
84 113 20
260 273 64
77 220 26
45 466 89
379 152 45
188 135 37
351 158 55
230 147 74
244 6 35
103 85 91
251 177 37
419 146 22
80 153 32
444 53 58
379 79 79
119 358 38
174 227 87
411 387 44
442 231 34
410 422 7
229 46 79
311 470 5
174 333 89
104 179 7
5 151 99
299 380 16
146 332 67
322 200 17
498 331 44
97 276 50
450 61 55
458 123 59
27 259 27
198 364 5
12 90 31
150 234 22
223 191 20
306 106 1
470 368 45
368 166 46
302 46 73
4 125 11
7 145 44
330 399 71
288 403 72
272 70 97
95 355 90
300 491 56
298 27 97
181 355 37
474 364 80
91 234 60
415 411 43
194 95 9
363 335 29
411 279 94
114 467 14
68 477 55
228 346 18
165 26 23
314 288 100
94 485 24
331 395 40
436 52 35
487 350 65
374 50 57
493 227 74
455 368 6
165 138 63
18 349 74
62 422 17
160 260 77
332 487 79
373 439 44
489 144 21
334 251 66
418 481 66
354 442 27
369 119 25
74 234 56
287 291 8
160 137 56
446 69 28
96 246 51
347 425 37
477 153 74
67 317 28
362 245 34
63 145 74
4 256 56
398 76 68
9 200 60
253 227 42
285 118 67
197 199 9
436 124 91
218 88 23
394 474 28
127 323 76
150 480 41
450 14 40
311 349 27
184 451 71
398 205 69
110 143 21
383 309 21
378 28 10
311 360 2
379 398 8
237 391 79
283 135 98
242 333 69
97 213 94
229 9 48
364 301 88
263 492 79
50 464 22
233 403 32
137 204 57
366 264 3
389 273 21
313 431 8
277 327 54
445 338 44
115 463 79
354 176 22
171 486 69
35 214 30
499 292 29
333 68 59
160 330 2
333 342 4
458 219 32
126 238 84
350 112 60
105 150 92
268 365 7
441 93 39
122 191 97
162 306 41
448 328 21
246 478 22
350 73 28
53 196 86
210 55 83
138 112 45
361 326 1
408 318 95
148 195 72
101 482 22
63 245 62
123 386 60
256 451 32
221 489 98
366 245 57
261 319 56
168 248 5
425 300 1
136 425 80
268 38 53
181 27 53
2 44 71
93 280 48
252 270 71
445 429 55
405 315 96
8 301 4
134 350 97
355 185 70
307 164 79
281 91 99
461 420 70
75 204 100
168 398 41
133 263 70
416 384 35
350 8 3
115 22 15
395 248 58
339 10 85
396 249 100
404 31 59
202 456 5
165 198 48
288 499 22
432 133 100
451 164 12
464 299 2
33 170 48
178 410 9
273 71 5
9 203 58
130 30 94
314 413 14
31 466 28
472 147 49
83 54 71
243 43 48
283 479 11
390 225 53
284 70 39
324 367 48
89 216 66
458 241 54
102 115 2
35 170 10
26 129 86
467 20 28
245 310 26
281 390 18
458 478 7
397 113 85
171 289 49
415 458 11
212 403 74
341 82 57
30 51 63
243 15 43
132 104 41
119 228 81
90 336 69
122 495 39
52 349 51
101 50 90
78 219 9
211 495 65
67 256 25
83 177 59
351 478 64
464 499 58
333 449 58
7 482 82
498 200 92
83 341 34
268 384 56
162 203 37
176 347 5
141 175 82
72 389 22
460 387 94
340 90 67
315 379 32
459 18 98
261 246 27
126 293 71
9 473 3
290 418 14
341 498 3
186 115 5
354 147 57
285 359 98
329 152 28
465 133 7
171 64 87
106 95 84
331 42 32
260 398 100
234 173 70
230 215 4
64 465 53
12 362 65
219 337 16
170 466 6
474 206 73
13 80 52
148 68 4
36 10 52
67 260 99
40 75 65
173 57 22
307 73 34
386 347 98
443 114 46
106 364 64
367 324 17
81 397 87
276 49 25
237 367 80
15 166 41
332 215 81
490 154 19
82 290 27
432 318 59
420 442 43
4 318 29
293 483 53
7 220 53
172 489 35
464 128 16
124 336 85
115 416 66
147 345 99
403 330 55
405 340 37
155 339 35
261 112 29
80 477 36
412 224 70
31 274 61
41 49 72
370 272 56
56 140 58
27 281 40
440 306 4
10 209 4
468 24 92
256 354 2
408 66 53
371 349 42
13 188 70
61 393 69
202 458 87
311 72 7
113 25 50
465 206 57
66 332 36
406 147 37
371 418 92
35 327 8
165 432 56
21 132 21
7 481 23
113 86 97
481 487 70
157 125 71
446 286 79
438 252 74
309 467 49
195 257 73
299 459 60
458 69 86
182 404 91
320 401 67
54 293 41
427 235 59
485 229 49
414 453 12
83 183 93
284 45 35
5 242 66
442 214 73
176 351 30
246 256 70
423 192 78
59 126 34
89 351 25
14 246 82
424 318 94
131 417 72
