500 2000
0 200 13
200 181 81
181 139 4
139 84 5
84 142 56
142 467 8
467 172 41
172 450 25
450 434 7
434 211 85
211 166 38
166 77 24
77 449 35
449 290 86
290 352 33
352 428 2
428 460 74
460 130 68
130 418 38
418 18 26
18 110 93
110 491 47
491 267 15
267 433 21
433 124 45
124 475 50
475 293 19
293 246 90
246 230 40
230 101 68
101 275 34
275 47 26
47 417 58
417 376 8
376 252 4
252 80 46
80 202 30
202 32 19
32 396 78
396 378 11
378 487 49
487 248 3
248 353 46
353 301 41
301 40 49
40 335 32
335 454 69
454 321 20
321 447 100
447 415 10
415 63 3
63 369 4
369 156 23
156 457 28
457 176 29
176 488 44
488 437 80
437 299 33
299 479 98
479 318 10
318 95 83
95 446 1
446 220 56
220 201 15
201 413 85
413 8 56
8 427 11
427 24 89
24 366 94
366 26 48
26 334 64
334 445 55
445 56 72
56 469 49
469 73 99
73 466 72
466 253 83
253 31 34
31 28 42
28 7 92
7 53 45
53 386 15
386 284 35
284 424 68
424 316 32
316 239 9
239 282 5
282 117 29
117 229 35
229 87 42
87 259 80
259 250 14
250 392 35
392 384 40
384 400 80
400 329 80
329 234 32
234 5 28
5 133 57
133 410 86
410 157 57
157 363 67
363 313 3
313 382 78
382 121 96
121 310 34
310 126 10
126 193 100
193 426 50
426 333 16
333 385 95
385 16 3
16 265 37
265 294 64
294 72 98
72 287 91
287 37 57
37 185 55
185 209 97
209 269 42
269 141 66
141 395 31
395 474 78
474 170 89
170 187 69
187 357 14
357 76 37
76 81 51
81 277 100
277 362 27
362 135 9
135 155 76
155 264 36
264 319 59
319 114 96
114 364 63
364 355 44
355 97 77
97 153 11
153 261 90
261 219 3
219 330 7
330 360 73
360 387 11
387 242 82
242 79 17
79 233 53
233 331 25
331 470 55
470 14 85
14 341 85
341 326 76
326 60 75
60 167 3
167 361 3
361 232 16
232 315 42
315 9 28
9 23 27
23 140 86
140 270 82
270 322 14
322 255 2
255 183 56
183 21 37
21 206 24
206 373 18
373 409 100
409 254 89
254 51 37
51 388 23
388 453 91
453 94 54
94 429 14
429 260 40
260 402 24
402 224 97
224 125 54
125 235 50
235 49 81
49 189 13
189 476 10
476 179 35
179 15 68
15 113 39
113 41 33
41 371 94
371 143 21
143 59 97
59 131 36
131 298 94
298 306 16
306 10 5
10 304 96
304 13 78
13 480 9
480 35 33
35 456 61
456 431 51
431 393 17
393 435 38
435 150 77
150 249 62
249 163 28
163 238 99
238 222 65
222 175 40
175 146 58
146 458 33
458 188 65
188 168 33
168 283 82
283 419 24
419 127 59
127 204 37
204 85 20
85 285 25
285 444 43
444 297 66
297 338 17
338 62 65
62 137 30
137 342 79
342 44 46
44 171 78
171 122 67
122 332 10
332 289 30
289 123 72
123 212 56
212 344 19
344 98 74
98 247 1
247 281 44
281 217 93
217 147 94
147 295 52
295 71 75
71 482 11
482 391 2
391 343 55
343 481 12
481 432 55
432 144 59
144 108 14
108 263 11
263 180 1
180 178 25
178 411 12
411 223 100
223 115 31
115 231 39
231 34 25
34 325 15
325 33 19
33 403 94
403 236 34
236 279 91
279 89 40
89 292 23
292 203 72
203 52 87
52 495 83
495 389 25
389 346 12
346 154 79
154 278 15
278 30 42
30 17 4
17 39 28
39 158 39
158 54 52
54 11 43
11 399 65
399 358 6
358 485 57
485 240 84
240 296 33
296 136 62
136 106 70
106 421 79
421 262 45
262 86 28
86 407 45
407 401 17
401 1 6
1 104 90
104 273 42
273 483 90
483 58 71
58 2 87
2 340 30
340 303 27
303 381 81
381 119 67
119 214 78
214 134 55
134 416 92
416 99 61
99 452 21
452 490 78
490 405 45
405 177 72
177 459 23
459 465 94
465 309 67
309 100 69
100 226 40
226 497 3
497 145 3
145 82 78
82 372 76
372 149 45
149 221 20
221 323 17
323 66 56
66 345 6
345 245 9
245 165 69
165 151 41
151 468 87
468 36 72
36 365 38
365 477 47
477 327 23
327 412 71
412 225 43
225 375 89
375 486 99
486 492 89
492 112 13
112 161 94
161 55 71
55 337 38
337 116 5
116 336 86
336 160 44
160 493 55
493 228 26
228 349 82
349 191 21
191 20 6
20 93 23
93 48 81
48 440 12
440 190 61
190 213 51
213 198 55
198 414 70
414 354 70
354 205 49
205 194 48
194 430 76
430 173 83
173 25 49
25 300 34
300 6 14
6 148 27
148 257 100
257 38 46
38 348 18
348 96 9
96 441 34
441 377 88
377 394 13
394 120 1
120 256 48
256 164 50
164 288 41
288 107 76
107 75 31
75 380 76
380 420 16
420 90 78
90 152 86
152 408 38
408 61 36
61 50 53
50 64 17
64 210 18
210 312 86
312 463 17
463 308 37
308 368 90
368 379 85
379 68 99
68 398 4
398 244 71
244 356 66
356 182 69
182 65 34
65 448 19
448 280 32
280 132 53
132 425 68
425 464 71
464 328 17
328 29 34
29 478 39
478 208 56
208 268 96
268 70 50
70 169 12
169 196 45
196 3 4
3 317 63
317 159 30
159 74 62
74 451 84
451 324 9
324 443 64
443 439 39
439 215 31
215 484 100
484 243 65
243 88 5
88 12 17
12 57 59
57 19 9
19 423 46
423 461 72
461 258 17
258 91 83
91 305 46
305 227 100
227 472 95
472 383 69
383 83 6
83 455 9
455 473 2
473 67 28
67 184 93
184 27 95
27 438 2
438 311 58
311 102 26
102 266 83
266 471 68
471 42 98
42 274 59
274 186 64
186 105 82
105 218 92
218 4 1
4 286 28
286 138 94
138 22 6
22 498 78
498 162 29
162 241 20
241 489 82
489 397 56
397 347 24
347 271 17
271 367 71
367 43 59
43 174 37
174 291 78
291 436 3
436 494 99
494 339 93
339 237 5
237 78 39
78 109 8
109 350 81
350 442 5
442 199 88
199 422 32
422 192 73
192 404 51
404 462 48
462 406 98
406 111 64
111 302 98
302 314 18
314 370 37
370 216 74
216 496 45
496 251 90
251 320 20
320 46 89
46 276 5
276 359 43
359 351 74
351 272 48
272 197 69
197 374 26
374 129 86
129 45 54
45 390 87
390 69 34
69 128 23
128 118 66
118 92 33
92 307 62
307 103 11
103 195 50
195 207 91
207 499 53
329 238 88
85 347 66
112 425 48
461 190 37
344 248 46
31 113 11
282 422 60
100 445 29
306 448 68
72 106 49
261 368 18
170 38 95
56 470 29
284 321 54
121 26 86
461 22 60
254 283 79
22 8 99
376 425 78
36 325 58
67 97 68
98 121 39
332 139 62
180 340 2
316 129 8
426 36 91
364 312 73
239 276 42
411 395 74
17 475 53
239 391 8
430 60 8
442 327 76
384 120 30
450 48 58
300 387 97
139 125 96
478 404 87
152 132 80
199 310 68
208 41 15
33 450 61
292 9 32
234 369 86
219 325 58
75 437 100
453 1 32
373 469 91
179 46 17
208 468 8
51 457 75
143 372 98
498 83 69
434 190 14
344 227 25
246 5 18
166 287 66
279 342 45
266 167 94
334 244 9
452 264 89
132 43 58
139 4 75
407 329 30
290 82 56
133 340 83
304 352 26
318 207 57
1 196 50
377 214 30
457 245 56
259 497 13
174 364 89
403 434 51
280 210 17
395 93 67
61 411 29
403 159 81
473 140 49
221 36 49
216 118 47
184 195 66
420 39 77
127 46 85
177 395 25
495 190 69
47 483 13
362 409 41
95 282 6
287 431 52
294 230 39
129 147 3
20 10 6
351 215 13
183 362 63
118 291 42
356 4 100
49 418 88
83 478 30
377 329 91
52 194 1
337 33 19
47 136 13
381 436 23
61 49 97
90 466 27
454 46 91
372 196 23
358 24 23
298 429 72
44 179 24
50 88 80
193 216 35
482 358 97
199 194 37
201 113 28
225 377 25
76 293 32
425 67 97
384 457 64
301 338 4
397 138 32
371 377 67
404 347 97
139 369 6
238 105 16
492 83 29
315 67 58
341 480 88
426 23 77
377 165 85
391 437 69
497 207 43
88 478 28
202 206 17
376 307 76
205 180 52
185 112 73
99 287 83
243 26 1
267 175 78
219 109 91
388 430 26
153 406 82
318 173 98
76 442 26
337 119 9
314 197 5
491 476 22
63 8 51
490 285 85
215 417 66
83 214 37
306 22 55
189 490 47
99 221 63
277 456 1
7 146 7
273 115 48
250 269 29
298 271 47
171 431 9
466 443 76
444 10 20
201 296 4
225 251 74
33 400 89
317 240 8
245 59 24
114 420 83
123 289 95
170 136 81
263 217 52
340 11 64
390 60 92
191 394 7
260 314 90
100 137 100
13 396 61
122 82 73
272 273 62
467 171 35
133 283 17
347 476 95
231 155 8
4 92 20
58 193 64
63 124 18
303 304 61
265 129 14
58 105 84
253 149 55
290 48 37
351 396 41
262 232 78
283 81 24
116 257 23
107 181 100
58 486 55
434 384 79
303 322 10
158 76 81
253 250 61
119 449 86
17 146 40
489 214 96
469 496 15
290 43 77
132 45 24
26 483 9
383 176 83
75 162 40
478 32 99
175 429 36
233 348 15
285 423 51
78 308 10
466 105 94
435 132 98
329 168 87
74 4 7
108 366 2
403 352 96
384 351 14
155 174 43
102 182 46
277 110 27
166 411 20
471 450 78
63 131 3
148 462 88
371 215 10
82 198 38
465 35 7
334 302 18
285 161 36
112 267 16
74 458 77
250 198 44
7 56 54
127 232 41
180 212 4
311 414 6
143 454 44
213 169 84
495 333 64
484 344 75
50 440 62
346 16 19
269 279 69
205 275 61
62 107 14
288 42 62
199 255 29
266 138 4
417 25 8
327 93 31
31 195 46
279 475 82
369 459 73
94 64 36
312 155 75
231 242 85
78 389 22
406 437 46
379 367 28
230 12 95
489 480 92
291 155 30
292 195 49
269 275 88
274 258 4
241 253 89
443 8 28
223 91 45
479 210 66
157 200 35
44 401 17
359 57 66
245 439 46
188 190 12
76 403 12
396 242 49
243 268 33
125 485 67
447 267 11
258 86 54
341 60 35
72 126 44
355 106 3
253 477 38
69 386 68
315 197 48
424 203 46
415 309 25
51 97 67
265 260 43
37 304 13
407 153 69
78 254 51
440 214 99
106 347 80
33 26 94
90 139 38
437 398 22
499 491 53
451 301 11
480 271 1
396 293 6
437 253 94
202 481 69
378 438 34
443 245 55
254 366 38
62 87 18
343 433 31
495 17 81
438 253 29
237 457 73
311 358 14
324 271 25
263 359 87
26 300 68
439 119 5
408 453 59
280 341 5
207 169 96
221 99 26
139 279 41
118 178 8
2 120 27
45 428 43
319 94 12
461 219 81
17 349 25
273 310 95
416 93 49
21 143 84
107 282 84
319 489 82
461 182 25
342 333 59
260 345 94
274 148 55
379 306 73
48 415 100
183 34 92
94 181 89
315 349 44
241 0 46
378 372 17
125 132 23
246 154 9
362 46 3
307 85 13
473 240 12
498 453 46
121 254 46
485 492 69
422 394 58
99 212 95
122 348 57
135 136 1
72 247 88
339 106 97
60 408 97
230 365 42
153 154 87
293 378 73
333 149 32
417 73 15
287 89 22
458 310 48
109 488 47
107 76 33
355 347 35
384 271 84
366 394 23
404 421 62
190 422 61
422 307 64
404 121 8
324 377 99
279 120 97
474 278 22
313 387 86
93 270 73
393 362 63
56 280 93
43 84 72
330 179 9
298 219 21
347 458 64
347 354 49
379 288 65
297 6 83
475 426 81
25 175 70
424 452 85
183 252 88
77 285 55
282 128 6
472 314 87
401 381 14
249 355 84
354 215 59
137 235 50
13 464 26
37 233 88
393 154 23
171 121 58
287 214 92
13 270 97
127 479 44
490 307 50
361 201 43
199 22 92
274 91 41
428 201 36
461 393 41
138 217 42
222 400 54
164 37 40
82 366 85
455 52 76
329 383 3
474 292 95
267 368 15
456 496 24
415 11 54
24 84 78
329 15 1
375 499 2
103 237 62
423 296 80
266 165 63
76 459 72
368 259 62
63 481 68
493 399 59
491 244 70
318 241 85
193 82 94
298 307 59
330 104 15
50 493 42
167 478 26
335 496 79
167 200 94
177 55 92
348 79 7
198 161 48
217 211 5
110 420 99
485 1 50
27 173 6
198 328 81
256 428 57
140 324 6
72 357 69
190 424 97
151 18 20
160 164 89
330 416 100
463 78 5
83 284 83
426 119 46
431 470 45
371 428 95
78 375 3
283 395 7
479 263 50
246 468 48
275 335 4
282 46 45
131 231 100
5 29 55
183 450 38
288 204 97
385 378 95
291 343 97
473 81 15
11 287 76
197 148 95
444 192 58
222 382 32
113 411 90
484 149 34
213 379 87
369 470 16
233 7 52
497 174 93
381 346 79
48 156 53
459 413 54
232 147 63
120 283 57
345 243 39
465 268 41
81 383 1
252 60 27
472 431 79
249 292 33
118 93 42
102 378 27
424 322 53
408 417 100
477 189 67
495 91 68
490 236 15
54 428 74
329 62 98
243 342 79
221 43 23
3 244 42
37 351 57
302 335 93
18 23 95
27 293 78
82 490 63
351 242 54
351 213 56
46 53 97
339 19 72
278 53 65
247 112 4
265 181 31
152 314 32
481 367 55
136 352 80
418 314 54
330 483 54
486 136 54
306 378 98
239 460 38
457 293 95
174 355 87
255 347 25
275 160 42
399 478 21
194 399 3
452 71 57
228 140 49
40 439 56
45 386 99
70 419 65
159 332 65
356 431 71
121 408 12
207 121 54
298 426 47
250 3 79
5 221 77
79 90 31
338 193 59
274 427 100
16 470 77
117 58 10
432 254 62
446 233 7
209 351 62
112 12 62
395 258 69
251 350 10
210 488 35
112 152 87
450 317 43
309 237 31
239 202 9
431 208 95
372 49 30
491 262 73
263 32 16
304 80 100
115 216 75
302 262 74
132 194 69
57 488 19
329 124 74
339 355 56
73 320 27
496 465 18
383 297 99
383 436 62
16 294 43
256 449 69
83 6 16
158 176 14
247 121 13
330 461 89
168 119 97
432 58 42
444 215 9
167 377 87
342 437 32
341 10 86
402 27 5
9 6 32
311 46 10
184 273 30
146 295 59
98 453 3
160 4 50
441 195 19
482 385 84
5 423 92
415 407 26
278 452 11
160 38 85
163 356 45
57 368 20
464 396 75
0 286 81
73 183 67
205 457 45
307 36 66
180 138 15
120 0 32
13 307 53
390 241 1
218 263 7
467 402 24
215 468 54
86 165 53
244 413 34
286 417 42
96 365 65
169 422 95
141 72 48
300 186 11
150 28 61
16 116 20
308 392 68
321 16 71
248 209 82
435 44 92
472 166 99
273 453 80
35 352 13
204 380 54
346 355 91
171 124 22
76 60 3
499 486 65
83 468 82
204 3 73
414 356 100
463 61 75
374 186 72
228 15 63
305 88 52
331 276 33
9 402 21
367 198 52
494 181 12
482 315 44
261 270 26
339 358 62
161 494 27
154 61 40
347 218 12
143 381 86
459 103 22
192 70 40
390 64 37
280 489 69
96 138 71
307 241 63
362 186 74
426 342 51
32 451 86
22 277 81
147 213 38
117 53 7
425 65 45
272 309 86
244 438 35
77 180 72
244 15 91
256 389 6
103 62 74
432 156 58
445 347 58
380 157 100
359 339 3
248 153 99
71 50 58
263 288 32
189 34 53
125 265 21
23 495 15
179 416 48
451 382 79
258 147 18
469 460 30
272 18 28
484 343 79
316 64 33
416 209 22
454 177 92
256 303 66
394 185 96
168 477 44
179 164 40
232 434 87
96 319 4
228 388 72
456 429 24
433 199 76
58 205 70
162 7 11
158 154 35
42 328 27
43 359 41
205 36 38
450 201 74
88 477 95
375 393 90
237 43 75
310 190 60
456 481 39
444 162 24
392 51 13
92 119 58
35 280 47
41 201 48
93 295 90
91 135 80
281 135 38
127 323 24
0 437 81
289 415 26
430 424 58
147 248 47
3 380 83
190 155 81
367 166 93
297 393 18
368 135 12
476 471 60
100 305 87
310 204 78
458 267 40
419 49 33
379 109 87
375 114 97
205 222 63
5 169 81
49 11 74
217 410 40
408 389 36
18 253 15
261 352 36
262 135 27
110 194 21
150 166 2
351 343 51
148 30 64
452 15 22
347 101 24
218 341 11
190 483 24
354 207 47
465 38 70
425 458 98
329 251 52
226 200 100
160 126 88
193 365 90
130 68 73
344 486 38
209 491 52
493 148 13
134 258 66
419 180 6
331 42 43
119 186 40
441 251 80
318 370 7
322 112 28
401 384 63
437 461 27
187 15 26
38 261 95
138 326 1
133 209 53
80 321 17
306 391 50
96 468 29
56 402 4
482 228 76
279 11 61
278 133 2
237 453 60
26 162 70
420 188 100
474 146 81
90 155 79
285 219 49
204 191 9
416 341 92
306 134 71
65 485 40
382 224 79
65 348 58
206 210 83
54 230 63
230 418 29
400 331 79
385 25 90
260 247 94
494 349 99
62 309 75
474 157 33
75 33 18
135 491 43
135 421 57
14 462 12
382 484 40
344 246 32
154 101 57
394 470 83
442 195 97
110 108 61
158 55 6
445 201 64
257 403 43
387 124 46
335 399 98
222 398 36
459 458 12
400 263 23
287 244 55
494 110 55
446 353 77
342 460 22
438 317 90
172 4 59
150 67 12
113 141 57
392 224 90
473 113 38
240 122 22
354 355 81
15 276 89
116 249 48
178 396 43
160 49 81
495 155 87
287 169 71
384 489 23
19 414 83
222 60 51
389 29 80
362 288 85
90 189 55
397 68 85
236 154 21
281 411 10
265 299 52
221 404 67
247 246 32
272 420 28
261 233 36
249 104 88
84 382 23
426 5 87
373 179 28
153 17 90
64 367 23
309 244 45
206 192 15
431 67 98
56 303 58
43 104 37
136 150 17
100 90 38
327 80 8
223 341 24
102 141 98
351 271 22
24 198 27
231 431 39
309 121 65
497 331 63
179 231 1
322 201 82
313 79 76
295 444 17
148 96 67
15 407 66
4 144 33
57 222 93
90 54 87
393 272 8
88 293 81
271 178 15
285 330 94
229 295 14
181 439 40
435 326 21
313 469 86
342 166 98
156 211 14
85 340 4
119 327 57
478 320 48
107 144 52
297 179 76
244 203 46
143 149 84
298 117 80
0 491 29
348 274 24
452 114 95
86 472 77
76 382 9
182 288 33
31 330 11
333 155 51
303 198 23
156 353 99
492 134 24
33 30 72
366 402 29
470 199 71
54 497 11
105 259 5
213 430 84
124 359 79
362 245 11
124 163 63
177 172 24
252 448 41
159 171 66
132 395 32
345 34 12
182 90 10
405 55 85
115 143 40
350 482 39
284 456 86
408 250 9
469 19 18
118 477 60
296 431 26
262 81 42
272 71 92
178 305 67
61 312 1
129 495 89
155 143 75
16 458 97
7 249 82
492 198 12
260 8 6
110 495 85
17 281 16
375 433 84
126 315 98
352 497 4
28 34 22
271 421 96
491 440 2
231 450 50
359 494 26
38 427 48
396 476 1
389 189 67
416 492 25
381 316 86
9 274 83
1 178 1
392 19 36
132 323 71
179 262 25
455 137 51
258 431 85
432 275 65
302 376 42
331 465 86
73 209 23
73 38 67
336 73 40
253 102 11
279 193 67
18 40 79
232 267 36
349 423 81
258 98 96
88 480 45
207 226 54
257 39 85
387 120 47
66 435 16
453 170 14
319 183 84
333 6 2
196 493 60
386 63 37
133 18 90
145 473 10
153 432 41
276 265 35
266 185 76
101 492 43
104 413 74
295 23 61
20 257 54
384 26 95
185 171 48
388 147 78
36 459 72
281 257 47
309 266 18
219 125 18
167 257 80
368 409 85
340 263 75
320 342 22
141 136 42
341 67 68
494 253 67
193 309 85
305 92 93
370 178 37
13 334 54
162 71 80
69 493 84
53 231 15
295 300 3
150 340 78
380 256 71
189 259 14
498 473 44
449 459 84
495 315 39
463 132 44
495 331 86
342 299 26
177 365 64
278 389 39
155 476 3
140 488 24
414 125 36
372 260 71
375 103 82
296 222 89
432 465 70
63 342 35
393 494 69
318 236 17
255 120 27
467 462 43
373 139 31
346 82 50
113 91 31
210 340 90
274 149 6
222 377 59
325 63 5
415 194 34
407 227 62
24 173 38
440 345 9
295 315 47
450 315 91
109 328 32
375 282 10
19 32 89
489 410 56
57 306 62
274 26 41
109 145 100
276 11 67
294 415 96
286 198 11
70 353 21
65 355 8
125 201 74
427 8 44
364 25 76
497 306 69
71 392 77
206 292 20
393 482 55
369 421 19
222 68 27
245 205 54
226 372 77
0 98 23
95 452 63
117 81 85
436 211 79
286 495 70
199 123 70
277 352 10
271 36 41
151 114 2
206 449 79
98 428 31
146 400 9
249 152 26
398 154 29
300 414 90
205 52 75
139 333 56
96 361 95
498 408 35
7 191 52
138 50 86
218 491 68
467 359 74
155 464 17
244 332 96
433 115 60
196 304 9
68 350 72
233 490 69
318 243 98
60 410 72
468 495 20
487 322 33
284 216 65
208 160 1
18 265 84
131 217 17
159 474 19
159 97 4
226 172 51
112 232 92
335 186 84
44 402 96
307 462 19
467 420 5
119 250 46
490 270 93
426 390 62
269 33 42
264 75 1
43 441 1
74 48 36
337 315 27
144 363 100
340 457 77
419 194 40
243 223 75
212 336 37
153 117 57
361 377 67
230 155 10
70 339 58
370 49 81
83 387 72
298 394 9
306 342 66
142 281 86
388 208 46
481 265 29
376 160 43
434 21 32
327 297 71
488 72 38
329 380 99
398 46 23
118 428 25
200 4 99
480 468 64
394 294 84
363 267 66
316 237 73
60 101 22
270 491 15
255 171 3
401 212 54
472 333 53
368 495 14
436 185 27
243 78 34
390 160 68
98 26 48
284 103 63
489 395 86
312 248 75
234 409 34
90 457 52
316 202 55
436 133 96
169 265 65
383 5 28
63 320 57
344 151 8
24 396 2
222 341 16
193 449 2
337 485 66
482 284 17
235 44 10
69 91 75
475 232 79
36 314 54
406 7 54
232 191 98
146 288 83
272 366 65
439 94 8
86 96 33
493 350 71
143 297 94
129 108 1
27 125 61
424 209 50
83 42 17
464 493 66
242 282 92
82 233 15
9 371 60
475 29 12
428 441 97
349 309 55
355 73 73
106 108 22
155 5 39
297 59 86
312 29 87
108 275 31
15 288 46
257 360 74
398 486 77
383 211 48
15 210 54
32 74 57
139 487 79
153 255 28
3 306 20
60 419 49
214 452 98
173 261 5
95 141 64
90 297 34
451 409 13
457 381 71
470 429 64
298 108 8
337 0 17
83 246 71
269 1 35
289 68 24
201 331 4
228 26 14
495 433 12
55 364 100
473 60 18
327 461 39
228 154 41
327 345 76
19 274 59
404 470 100
196 342 10
169 276 65
37 286 28
289 213 13
493 73 15
417 392 5
3 167 46
376 257 10
408 195 78
143 6 27
298 487 16
113 308 86
480 220 13
407 21 96
104 257 9
115 71 17
238 376 43
6 387 25
12 182 73
341 382 52
161 276 99
210 167 59
12 295 92
11 421 62
471 25 9
334 481 75
274 224 20
489 228 76
461 494 14
448 375 4
71 317 88
482 205 36
177 257 49
168 182 82
394 20 50
443 10 3
229 320 66
396 43 60
357 134 91
386 415 7
207 130 23
77 17 31
225 109 15
2 231 59
153 197 18
28 18 68
112 10 67
453 431 39
254 465 45
354 38 9
376 279 98
335 458 45
315 183 7
277 11 71
290 201 92
127 95 3
323 62 10
312 319 77
229 382 72
150 424 30
31 163 45
231 37 52
82 26 77
394 348 80
427 429 67
357 238 26
53 168 56
79 386 93
188 258 62
287 397 82
85 274 28
114 96 65
367 250 43
88 429 25
59 103 9
195 440 64
188 80 14
340 59 41
290 329 89
187 282 25
318 474 45
313 55 23
482 357 23
26 267 69
481 400 30
187 371 67
482 8 26
356 371 69
179 95 8
105 308 6
245 277 33
122 239 17
461 488 62
265 461 66
300 279 25
71 149 83
302 270 87
419 484 95
430 495 60
45 493 71
319 221 4
199 69 7
218 10 19
134 458 24
104 134 38
219 274 9
154 422 85
91 340 80
90 482 28
341 33 91
49 240 43
309 296 17
173 343 89
205 4 6
452 193 22
386 123 34
341 111 90
230 256 92
87 290 60
475 72 35
451 54 24
239 297 41
380 244 90
190 167 93
119 158 13
72 353 100
77 375 97
409 29 14
272 193 25
330 466 40
235 244 40
237 98 62
31 123 53
345 436 62
86 114 39
289 483 5
343 463 72
350 322 71
368 128 62
15 125 52
14 393 20
16 190 52
380 317 5
448 276 72
298 91 48
336 435 71
452 384 62
3 130 54
194 382 93
122 440 77
337 498 95
162 99 32
187 31 49
264 123 99
160 490 15
468 210 65
45 71 73
199 54 80
207 247 89
459 77 28
281 72 35
70 174 31
306 262 11
473 148 88
138 219 20
291 123 92
333 417 63
404 165 84
272 467 7
148 384 46
6 305 81
36 413 58
356 77 61
272 259 95
380 342 40
219 9 16
2 447 23
59 460 87
357 431 38
361 16 9
482 451 53
484 296 100
71 10 2
46 188 49
61 440 30
260 126 86
398 57 5
373 418 14
8 168 96
438 209 23
407 219 10
444 81 87
293 479 28
80 286 53
134 36 96
407 53 34
435 19 11
296 361 82
53 100 2
384 189 79
362 457 54
477 311 76
31 218 89
16 69 77
448 345 66
388 138 77
128 478 24
454 47 58
179 165 63
68 323 44
80 197 73
385 271 19
210 65 92
279 192 12
491 392 17
176 39 94
286 350 89
18 60 43
115 466 43
124 169 96
85 27 31
35 86 16
224 198 86
405 116 13
12 427 24
484 63 21
472 119 99
223 57 40
299 241 9
16 118 70
438 190 60
184 193 74
443 272 6
421 128 34
12 450 38
266 148 31
329 324 69
465 302 91
380 151 80
361 214 13
212 247 4
388 473 76
304 225 18
